Contractor,Language,Service,Availability
4R Consulting,Arabic (Egyptian),In-Person Interpretation (Consecutive),Schedule In Advance
4R Consulting,Arabic (Egyptian),In-Person Interpretation (Simultaneous),Schedule In Advance
4R Consulting,Arabic (Egyptian),Over the Phone Interpretation,On Demand
4R Consulting,Arabic (Egyptian),Over the Phone Interpretation,Schedule In Advance
4R Consulting,Arabic (Egyptian),Video Remote Interpretation,On Demand
4R Consulting,Arabic (Egyptian),Video Remote Interpretation,Schedule In Advance
4R Consulting,Arabic (Jordanian),In-Person Interpretation (Consecutive),Schedule In Advance
4R Consulting,Arabic (Jordanian),In-Person Interpretation (Simultaneous),Schedule In Advance
4R Consulting,Arabic (Jordanian),Over the Phone Interpretation,On Demand
4R Consulting,Arabic (Jordanian),Over the Phone Interpretation,Schedule In Advance
4R Consulting,Arabic (Jordanian),Video Remote Interpretation,On Demand
4R Consulting,Arabic (Jordanian),Video Remote Interpretation,Schedule In Advance
4R Consulting,Arabic (Lebonese),In-Person Interpretation (Consecutive),On Demand
4R Consulting,Arabic (Lebonese),In-Person Interpretation (Simultaneous),On Demand
4R Consulting,Arabic (Lebonese),Over the Phone Interpretation,Schedule In Advance
4R Consulting,Arabic (Lebonese),Over the Phone Interpretation,On Demand
4R Consulting,Arabic (Lebonese),Video Remote Interpretation,Schedule In Advance
4R Consulting,Arabic (Lebonese),Video Remote Interpretation,On Demand
4R Consulting,Arabic (Syrian),In-Person Interpretation (Consecutive),On Demand
4R Consulting,Arabic (Syrian),In-Person Interpretation (Simultaneous),On Demand
4R Consulting,Arabic (Syrian),Over the Phone Interpretation,On Demand
4R Consulting,Arabic (Syrian),Over the Phone Interpretation,Schedule In Advance
4R Consulting,Arabic (Syrian),Video Remote Interpretation,Schedule In Advance
4R Consulting,Arabic (Syrian),Video Remote Interpretation,On Demand
4R Consulting,Jamaican Patuá,Over the Phone Interpretation,Schedule in Advance
4R Consulting,Jamaican Patuá,Over the Phone Interpretation,On Demand
4R Consulting,Jamaican Patuá,Video Remote Interpretation,Schedule in Advance
4R Consulting,Jamaican Patuá,Video Remote Interpretation,On Demand
ABC Language Services,Afar,Over the Phone Interpretation,Schedule in Advance
ABC Language Services,Afar,Video Remote Interpretation,Schedule in Advance
ABC Language Services,Akan,In-Person Interpretation (Consecutive),Schedule in Advance
ABC Language Services,Akan,Over the Phone Interpretation,Schedule in Advance
ABC Language Services,Akan,Over the Phone Interpretation,On Demand
ABC Language Services,Akan,Video Remote Interpretation,On Demand
ABC Language Services,Akan,Video Remote Interpretation,Schedule in Advance
ABC Language Services,Arabic (Egyptian),In-Person Interpretation (Consecutive),Schedule in Advance
ABC Language Services,Arabic (Egyptian),In-Person Interpretation (Simultaneous),Schedule in Advance
ABC Language Services,Arabic (Egyptian),Over the Phone Interpretation,Schedule in Advance
ABC Language Services,Arabic (Egyptian),Over the Phone Interpretation,On Demand
ABC Language Services,Arabic (Egyptian),Video Remote Interpretation,Schedule in Advance
ABC Language Services,Arabic (Egyptian),Video Remote Interpretation,On Demand
ABC Language Services,Bosnian,In-Person Interpretation (Consecutive),Schedule in Advance
ABC Language Services,Bosnian,In-Person Interpretation (Simultaneous),Schedule in Advance
ABC Language Services,Bosnian,Over the Phone Interpretation,Schedule in Advance
ABC Language Services,Bosnian,Over the Phone Interpretation,On Demand
ABC Language Services,Bosnian,Video Remote Interpretation,Schedule in Advance
ABC Language Services,Bosnian,Video Remote Interpretation,On Demand
ABC Language Services,Cantonese (Chinese),In-Person Interpretation (Consecutive),Schedule in Advance
ABC Language Services,Cantonese (Chinese),Over the Phone Interpretation,On Demand
ABC Language Services,Cantonese (Chinese),Over the Phone Interpretation,Schedule in Advance
ABC Language Services,Cantonese (Chinese),Video Remote Interpretation,On Demand
ABC Language Services,Cantonese (Chinese),Video Remote Interpretation,Schedule in Advance
ABC Language Services,Chinese (Fujianese),In-Person Interpretation (Consecutive),Schedule in Advance
ABC Language Services,Chinese (Fujianese),Over the Phone Interpretation,On Demand
ABC Language Services,Chinese (Fujianese),Over the Phone Interpretation,Schedule in Advance
ABC Language Services,Chinese (Fujianese),Video Remote Interpretation,Schedule in Advance
ABC Language Services,Chinese (Taishanese),In-Person Interpretation (Consecutive),Schedule in Advance
ABC Language Services,Chinese (Taishanese),Over the Phone Interpretation,On Demand
ABC Language Services,Chinese (Taishanese),Over the Phone Interpretation,Schedule in Advance
ABC Language Services,Chinese (Taishanese),Video Remote Interpretation,Schedule in Advance
ABC Language Services,Ewe,In-Person Interpretation (Consecutive),Schedule in Advance
ABC Language Services,Ewe,Over the Phone Interpretation,On Demand
ABC Language Services,Ewe,Over the Phone Interpretation,Schedule in Advance
ABC Language Services,Ewe,Video Remote Interpretation,On Demand
ABC Language Services,Ewe,Video Remote Interpretation,Schedule in Advance
ABC Language Services,Farsi (Persian),In-Person Interpretation (Consecutive),Schedule in Advance
ABC Language Services,Farsi (Persian),In-Person Interpretation (Simultaneous),Schedule in Advance
ABC Language Services,Farsi (Persian),Over the Phone Interpretation,On Demand
ABC Language Services,Farsi (Persian),Over the Phone Interpretation,Schedule in Advance
ABC Language Services,Farsi (Persian),Video Remote Interpretation,On Demand
ABC Language Services,Farsi (Persian),Video Remote Interpretation,Schedule in Advance
ABC Language Services,Fulani (Fula),In-Person Interpretation (Consecutive),Schedule in Advance
ABC Language Services,Fulani (Fula),Over the Phone Interpretation,On Demand
ABC Language Services,Fulani (Fula),Over the Phone Interpretation,Schedule in Advance
ABC Language Services,Fulani (Fula),Video Remote Interpretation,Schedule in Advance
ABC Language Services,Fulani (Fula),Video Remote Interpretation,On Demand
ABC Language Services,Guinea-Bissau Creole,Over the Phone Interpretation,Schedule in Advance
ABC Language Services,Hungarian,In-Person Interpretation (Consecutive),Schedule in Advance
ABC Language Services,Hungarian,Over the Phone Interpretation,Schedule in Advance
ABC Language Services,Hungarian,Over the Phone Interpretation,On Demand
ABC Language Services,Hungarian,Video Remote Interpretation,Schedule in Advance
ABC Language Services,Hungarian,Video Remote Interpretation,On Demand
ABC Language Services,Jamaican Patuá,Over the Phone Interpretation,Schedule in Advance
ABC Language Services,Karen,In-Person Interpretation (Consecutive),Schedule in Advance
ABC Language Services,Karen,Over the Phone Interpretation,Schedule in Advance
ABC Language Services,Karen,Over the Phone Interpretation,On Demand
ABC Language Services,Karen,Video Remote Interpretation,Schedule in Advance
ABC Language Services,Karen,Video Remote Interpretation,On Demand
ABC Language Services,Kirundi,In-Person Interpretation (Consecutive),Schedule in Advance
ABC Language Services,Kirundi,Over the Phone Interpretation,Schedule in Advance
ABC Language Services,Kirundi,Over the Phone Interpretation,On Demand
ABC Language Services,Kirundi,Video Remote Interpretation,On Demand
ABC Language Services,Kirundi,Video Remote Interpretation,Schedule in Advance
ABC Language Services,Lao,In-Person Interpretation (Consecutive),Schedule in Advance
ABC Language Services,Lao,In-Person Interpretation (Simultaneous),Schedule in Advance
ABC Language Services,Lao,Over the Phone Interpretation,Schedule in Advance
ABC Language Services,Lao,Over the Phone Interpretation,On Demand
ABC Language Services,Lao,Video Remote Interpretation,Schedule in Advance
ABC Language Services,Latvian,In-Person Interpretation (Consecutive),Schedule in Advance
ABC Language Services,Latvian,In-Person Interpretation (Simultaneous),Schedule in Advance
ABC Language Services,Latvian,Over the Phone Interpretation,On Demand
ABC Language Services,Latvian,Over the Phone Interpretation,Schedule in Advance
ABC Language Services,Latvian,Video Remote Interpretation,Schedule in Advance
ABC Language Services,Latvian,Video Remote Interpretation,On Demand
ABC Language Services,Macanese Patuá,Over the Phone Interpretation,Schedule in Advance
ABC Language Services,Malayalam,In-Person Interpretation (Consecutive),Schedule in Advance
ABC Language Services,Malayalam,Over the Phone Interpretation,Schedule in Advance
ABC Language Services,Malayalam,Over the Phone Interpretation,On Demand
ABC Language Services,Malayalam,Video Remote Interpretation,On Demand
ABC Language Services,Malayalam,Video Remote Interpretation,Schedule in Advance
ABC Language Services,Nahuátl,Over the Phone Interpretation,Schedule in Advance
ABC Language Services,Nahuátl,Video Remote Interpretation,Schedule in Advance
ABC Language Services,Rohingya,In-Person Interpretation (Consecutive),Schedule in Advance
ABC Language Services,Rohingya,Over the Phone Interpretation,On Demand
ABC Language Services,Rohingya,Over the Phone Interpretation,Schedule in Advance
ABC Language Services,Rohingya,Video Remote Interpretation,On Demand
ABC Language Services,Rohingya,Video Remote Interpretation,Schedule in Advance
ABC Language Services,Romanian,In-Person Interpretation (Consecutive),Schedule in Advance
ABC Language Services,Romanian,In-Person Interpretation (Simultaneous),Schedule in Advance
ABC Language Services,Romanian,Over the Phone Interpretation,Schedule in Advance
ABC Language Services,Romanian,Over the Phone Interpretation,On Demand
ABC Language Services,Romanian,Video Remote Interpretation,Schedule in Advance
ABC Language Services,Romanian,Video Remote Interpretation,On Demand
ABC Language Services,Serbian,In-Person Interpretation (Consecutive),Schedule in Advance
ABC Language Services,Serbian,In-Person Interpretation (Simultaneous),Schedule in Advance
ABC Language Services,Serbian,Over the Phone Interpretation,On Demand
ABC Language Services,Serbian,Over the Phone Interpretation,Schedule in Advance
ABC Language Services,Serbian,Video Remote Interpretation,On Demand
ABC Language Services,Serbian,Video Remote Interpretation,Schedule in Advance
ABC Language Services,Slovak,In-Person Interpretation (Consecutive),Schedule in Advance
ABC Language Services,Slovak,In-Person Interpretation (Simultaneous),Schedule in Advance
ABC Language Services,Slovak,Over the Phone Interpretation,On Demand
ABC Language Services,Slovak,Over the Phone Interpretation,Schedule in Advance
ABC Language Services,Slovak,Video Remote Interpretation,Schedule in Advance
ABC Language Services,Slovak,Video Remote Interpretation,On Demand
ABC Language Services,Somali,In-Person Interpretation (Consecutive),Schedule in Advance
ABC Language Services,Somali,In-Person Interpretation (Simultaneous),Schedule in Advance
ABC Language Services,Somali,Over the Phone Interpretation,On Demand
ABC Language Services,Somali,Over the Phone Interpretation,Schedule in Advance
ABC Language Services,Somali,Video Remote Interpretation,On Demand
ABC Language Services,Somali,Video Remote Interpretation,Schedule in Advance
ABC Language Services,Soninke,In-Person Interpretation (Consecutive),Schedule in Advance
ABC Language Services,Soninke,Over the Phone Interpretation,Schedule in Advance
ABC Language Services,Soninke,Over the Phone Interpretation,On Demand
ABC Language Services,Soninke,Video Remote Interpretation,On Demand
ABC Language Services,Soninke,Video Remote Interpretation,Schedule in Advance
ABC Language Services,Swahili,In-Person Interpretation (Consecutive),Schedule in Advance
ABC Language Services,Swahili,In-Person Interpretation (Simultaneous),Schedule in Advance
ABC Language Services,Swahili,Over the Phone Interpretation,On Demand
ABC Language Services,Swahili,Over the Phone Interpretation,Schedule in Advance
ABC Language Services,Swahili,Video Remote Interpretation,On Demand
ABC Language Services,Swahili,Video Remote Interpretation,Schedule in Advance
ABC Language Services,Sylheti,Over the Phone Interpretation,Schedule in Advance
ABC Language Services,Sylheti,Video Remote Interpretation,Schedule in Advance
ABC Language Services,Tamil,In-Person Interpretation (Consecutive),Schedule in Advance
ABC Language Services,Tamil,Over the Phone Interpretation,Schedule in Advance
ABC Language Services,Tamil,Over the Phone Interpretation,On Demand
ABC Language Services,Tamil,Video Remote Interpretation,Schedule in Advance
ABC Language Services,Tamil,Video Remote Interpretation,On Demand
ABC Language Services,Tibetan,In-Person Interpretation (Consecutive),Schedule in Advance
ABC Language Services,Tibetan,Over the Phone Interpretation,Schedule in Advance
ABC Language Services,Tibetan,Over the Phone Interpretation,On Demand
ABC Language Services,Tibetan,Video Remote Interpretation,On Demand
ABC Language Services,Tibetan,Video Remote Interpretation,Schedule in Advance
ABC Language Services,Tigrigna (Tigrinya),In-Person Interpretation (Consecutive),Schedule in Advance
ABC Language Services,Tigrigna (Tigrinya),In-Person Interpretation (Simultaneous),Schedule in Advance
ABC Language Services,Tigrigna (Tigrinya),Over the Phone Interpretation,On Demand
ABC Language Services,Tigrigna (Tigrinya),Over the Phone Interpretation,Schedule in Advance
ABC Language Services,Tigrigna (Tigrinya),Video Remote Interpretation,On Demand
ABC Language Services,Tigrigna (Tigrinya),Video Remote Interpretation,Schedule in Advance
ABC Language Services,Turkish,In-Person Interpretation (Consecutive),Schedule in Advance
ABC Language Services,Turkish,Over the Phone Interpretation,On Demand
ABC Language Services,Turkish,Over the Phone Interpretation,Schedule in Advance
ABC Language Services,Turkish,Video Remote Interpretation,On Demand
ABC Language Services,Turkish,Video Remote Interpretation,Schedule in Advance
ABC Language Services,Twi,In-Person Interpretation (Consecutive),Schedule in Advance
ABC Language Services,Twi,Over the Phone Interpretation,On Demand
ABC Language Services,Twi,Over the Phone Interpretation,Schedule in Advance
ABC Language Services,Twi,Video Remote Interpretation,Schedule in Advance
ABC Language Services,Twi,Video Remote Interpretation,On Demand
ABC Language Services,Uzbek,In-Person Interpretation (Consecutive),Schedule in Advance
ABC Language Services,Uzbek,Over the Phone Interpretation,Schedule in Advance
ABC Language Services,Uzbek,Over the Phone Interpretation,On Demand
ABC Language Services,Uzbek,Video Remote Interpretation,On Demand
ABC Language Services,Uzbek,Video Remote Interpretation,Schedule in Advance
Accents Language Services Inc,Afar,Over the Phone Interpretation,Schedule in Advance
Accents Language Services Inc,Afar,Over the Phone Interpretation,On Demand
Accents Language Services Inc,Afar,Video Remote Interpretation,Schedule in Advance
Accents Language Services Inc,Afar,Video Remote Interpretation,On Demand
Accents Language Services Inc,Akan,In-Person Interpretation (Consecutive),Schedule in Advance
Accents Language Services Inc,Akan,In-Person Interpretation (Simultaneous),Schedule in Advance
Accents Language Services Inc,Akan,Over the Phone Interpretation,Schedule in Advance
Accents Language Services Inc,Akan,Over the Phone Interpretation,On Demand
Accents Language Services Inc,Akan,Video Remote Interpretation,Schedule in Advance
Accents Language Services Inc,Akan,Video Remote Interpretation,On Demand
Accents Language Services Inc,American Sign Language,Over the Phone Interpretation,Schedule in Advance
Accents Language Services Inc,American Sign Language,Over the Phone Interpretation,On Demand
Accents Language Services Inc,American Sign Language,Video Remote Interpretation,On Demand
Accents Language Services Inc,American Sign Language,Video Remote Interpretation,Schedule in Advance
Accents Language Services Inc,Arabic (Egyptian),Over the Phone Interpretation,On Demand
Accents Language Services Inc,Arabic (Egyptian),Over the Phone Interpretation,Schedule in Advance
Accents Language Services Inc,Arabic (Egyptian),Video Remote Interpretation,On Demand
Accents Language Services Inc,Arabic (Egyptian),Video Remote Interpretation,Schedule in Advance
Accents Language Services Inc,Arabic (Iraqi),Over the Phone Interpretation,Schedule in Advance
Accents Language Services Inc,Arabic (Iraqi),Over the Phone Interpretation,On Demand
Accents Language Services Inc,Arabic (Iraqi),Video Remote Interpretation,On Demand
Accents Language Services Inc,Arabic (Iraqi),Video Remote Interpretation,Schedule in Advance
Accents Language Services Inc,Arabic (Jordanian),Over the Phone Interpretation,On Demand
Accents Language Services Inc,Arabic (Jordanian),Over the Phone Interpretation,Schedule in Advance
Accents Language Services Inc,Arabic (Jordanian),Video Remote Interpretation,On Demand
Accents Language Services Inc,Arabic (Jordanian),Video Remote Interpretation,Schedule in Advance
Accents Language Services Inc,Arabic (Lebanese),Over the Phone Interpretation,Schedule in Advance
Accents Language Services Inc,Arabic (Lebanese),Over the Phone Interpretation,On Demand
Accents Language Services Inc,Arabic (Lebanese),Video Remote Interpretation,Schedule in Advance
Accents Language Services Inc,Arabic (Lebanese),Video Remote Interpretation,On Demand
Accents Language Services Inc,Arabic (Levantine),Over the Phone Interpretation,Schedule in Advance
Accents Language Services Inc,Arabic (Levantine),Over the Phone Interpretation,On Demand
Accents Language Services Inc,Arabic (Levantine),Video Remote Interpretation,On Demand
Accents Language Services Inc,Arabic (Levantine),Video Remote Interpretation,Schedule in Advance
Accents Language Services Inc,Arabic (Libyan),Over the Phone Interpretation,On Demand
Accents Language Services Inc,Arabic (Libyan),Over the Phone Interpretation,Schedule in Advance
Accents Language Services Inc,Arabic (Libyan),Video Remote Interpretation,Schedule in Advance
Accents Language Services Inc,Arabic (Libyan),Video Remote Interpretation,On Demand
Accents Language Services Inc,Arabic (Moroccan),Over the Phone Interpretation,On Demand
Accents Language Services Inc,Arabic (Moroccan),Over the Phone Interpretation,Schedule in Advance
Accents Language Services Inc,Arabic (Moroccan),Video Remote Interpretation,On Demand
Accents Language Services Inc,Arabic (Moroccan),Video Remote Interpretation,Schedule in Advance
Accents Language Services Inc,Arabic (Palestinian),Over the Phone Interpretation,On Demand
Accents Language Services Inc,Arabic (Palestinian),Over the Phone Interpretation,Schedule in Advance
Accents Language Services Inc,Arabic (Palestinian),Video Remote Interpretation,On Demand
Accents Language Services Inc,Arabic (Palestinian),Video Remote Interpretation,Schedule in Advance
Accents Language Services Inc,Arabic (Sudanese),Over the Phone Interpretation,Schedule in Advance
Accents Language Services Inc,Arabic (Sudanese),Over the Phone Interpretation,On Demand
Accents Language Services Inc,Arabic (Sudanese),Video Remote Interpretation,On Demand
Accents Language Services Inc,Arabic (Sudanese),Video Remote Interpretation,Schedule in Advance
Accents Language Services Inc,Arabic (Syrian),Over the Phone Interpretation,On Demand
Accents Language Services Inc,Arabic (Syrian),Over the Phone Interpretation,Schedule in Advance
Accents Language Services Inc,Arabic (Syrian),Video Remote Interpretation,On Demand
Accents Language Services Inc,Arabic (Syrian),Video Remote Interpretation,Schedule in Advance
Accents Language Services Inc,Arabic (Tunisian),Over the Phone Interpretation,Schedule in Advance
Accents Language Services Inc,Arabic (Tunisian),Over the Phone Interpretation,On Demand
Accents Language Services Inc,Arabic (Tunisian),Video Remote Interpretation,On Demand
Accents Language Services Inc,Arabic (Tunisian),Video Remote Interpretation,Schedule in Advance
Accents Language Services Inc,Arabic (Yemeni),Over the Phone Interpretation,Schedule in Advance
Accents Language Services Inc,Arabic (Yemeni),Over the Phone Interpretation,On Demand
Accents Language Services Inc,Arabic (Yemeni),Video Remote Interpretation,On Demand
Accents Language Services Inc,Arabic (Yemeni),Video Remote Interpretation,Schedule in Advance
Accents Language Services Inc,Bamanankan,Over the Phone Interpretation,Schedule in Advance
Accents Language Services Inc,Bamanankan,Over the Phone Interpretation,On Demand
Accents Language Services Inc,Bamanankan,Video Remote Interpretation,Schedule in Advance
Accents Language Services Inc,Bamanankan,Video Remote Interpretation,On Demand
Accents Language Services Inc,Belize Creole English,Over the Phone Interpretation,Schedule in Advance
Accents Language Services Inc,Belize Creole English,Over the Phone Interpretation,On Demand
Accents Language Services Inc,Belize Creole English,Video Remote Interpretation,Schedule in Advance
Accents Language Services Inc,Belize Creole English,Video Remote Interpretation,On Demand
Accents Language Services Inc,Bhutanese,Over the Phone Interpretation,On Demand
Accents Language Services Inc,Bhutanese,Over the Phone Interpretation,Schedule in Advance
Accents Language Services Inc,Bhutanese,Video Remote Interpretation,Schedule in Advance
Accents Language Services Inc,Bhutanese,Video Remote Interpretation,On Demand
Accents Language Services Inc,Bosnian,Over the Phone Interpretation,Schedule in Advance
Accents Language Services Inc,Bosnian,Over the Phone Interpretation,On Demand
Accents Language Services Inc,Bosnian,Video Remote Interpretation,On Demand
Accents Language Services Inc,Bosnian,Video Remote Interpretation,Schedule in Advance
Accents Language Services Inc,British Sign Language,Over the Phone Interpretation,On Demand
Accents Language Services Inc,British Sign Language,Over the Phone Interpretation,Schedule in Advance
Accents Language Services Inc,British Sign Language,Video Remote Interpretation,Schedule in Advance
Accents Language Services Inc,British Sign Language,Video Remote Interpretation,On Demand
Accents Language Services Inc,Burmese,Over the Phone Interpretation,On Demand
Accents Language Services Inc,Burmese,Over the Phone Interpretation,Schedule in Advance
Accents Language Services Inc,Burmese,Video Remote Interpretation,Schedule in Advance
Accents Language Services Inc,Burmese,Video Remote Interpretation,On Demand
Accents Language Services Inc,Cantonese (Chinese),In-Person Interpretation (Consecutive),Schedule in Advance
Accents Language Services Inc,Cantonese (Chinese),In-Person Interpretation (Simultaneous),Schedule in Advance
Accents Language Services Inc,Cantonese (Chinese),Over the Phone Interpretation,On Demand
Accents Language Services Inc,Cantonese (Chinese),Over the Phone Interpretation,Schedule in Advance
Accents Language Services Inc,Cantonese (Chinese),Video Remote Interpretation,Schedule in Advance
Accents Language Services Inc,Cantonese (Chinese),Video Remote Interpretation,On Demand
Accents Language Services Inc,Chinese (Fujianese),Over the Phone Interpretation,Schedule in Advance
Accents Language Services Inc,Chinese (Fujianese),Over the Phone Interpretation,On Demand
Accents Language Services Inc,Chinese (Fujianese),Video Remote Interpretation,On Demand
Accents Language Services Inc,Chinese (Fujianese),Video Remote Interpretation,Schedule in Advance
Accents Language Services Inc,Chinese (Fuzhounese),In-Person Interpretation (Consecutive),Schedule in Advance
Accents Language Services Inc,Chinese (Fuzhounese),In-Person Interpretation (Simultaneous),Schedule in Advance
Accents Language Services Inc,Chinese (Fuzhounese),Over the Phone Interpretation,Schedule in Advance
Accents Language Services Inc,Chinese (Fuzhounese),Over the Phone Interpretation,On Demand
Accents Language Services Inc,Chinese (Fuzhounese),Video Remote Interpretation,Schedule in Advance
Accents Language Services Inc,Chinese (Fuzhounese),Video Remote Interpretation,On Demand
Accents Language Services Inc,Chinese (Taishanese),Over the Phone Interpretation,Schedule in Advance
Accents Language Services Inc,Chinese (Taishanese),Over the Phone Interpretation,On Demand
Accents Language Services Inc,Chinese (Taishanese),Video Remote Interpretation,On Demand
Accents Language Services Inc,Chinese (Taishanese),Video Remote Interpretation,Schedule in Advance
Accents Language Services Inc,Chinese (Wenzhounese),In-Person Interpretation (Consecutive),Schedule in Advance
Accents Language Services Inc,Chinese (Wenzhounese),In-Person Interpretation (Simultaneous),Schedule in Advance
Accents Language Services Inc,Chinese (Wenzhounese),Over the Phone Interpretation,On Demand
Accents Language Services Inc,Chinese (Wenzhounese),Over the Phone Interpretation,Schedule in Advance
Accents Language Services Inc,Chinese (Wenzhounese),Video Remote Interpretation,On Demand
Accents Language Services Inc,Chinese (Wenzhounese),Video Remote Interpretation,Schedule in Advance
Accents Language Services Inc,Chinese Sign Language,Over the Phone Interpretation,Schedule in Advance
Accents Language Services Inc,Chinese Sign Language,Over the Phone Interpretation,On Demand
Accents Language Services Inc,Chinese Sign Language,Video Remote Interpretation,On Demand
Accents Language Services Inc,Chinese Sign Language,Video Remote Interpretation,Schedule in Advance
Accents Language Services Inc,Croatian,Over the Phone Interpretation,On Demand
Accents Language Services Inc,Croatian,Over the Phone Interpretation,Schedule in Advance
Accents Language Services Inc,Croatian,Video Remote Interpretation,Schedule in Advance
Accents Language Services Inc,Croatian,Video Remote Interpretation,On Demand
Accents Language Services Inc,Dari,Over the Phone Interpretation,Schedule in Advance
Accents Language Services Inc,Dari,Over the Phone Interpretation,On Demand
Accents Language Services Inc,Dari,Video Remote Interpretation,Schedule in Advance
Accents Language Services Inc,Dari,Video Remote Interpretation,On Demand
Accents Language Services Inc,Dioula (Dyula),Over the Phone Interpretation,Schedule in Advance
Accents Language Services Inc,Dioula (Dyula),Over the Phone Interpretation,On Demand
Accents Language Services Inc,Dioula (Dyula),Video Remote Interpretation,On Demand
Accents Language Services Inc,Dioula (Dyula),Video Remote Interpretation,Schedule in Advance
Accents Language Services Inc,Edo,In-Person Interpretation (Consecutive),Schedule in Advance
Accents Language Services Inc,Edo,In-Person Interpretation (Simultaneous),Schedule in Advance
Accents Language Services Inc,Edo,Over the Phone Interpretation,On Demand
Accents Language Services Inc,Edo,Over the Phone Interpretation,Schedule in Advance
Accents Language Services Inc,Edo,Video Remote Interpretation,Schedule in Advance
Accents Language Services Inc,Ewe,In-Person Interpretation (Consecutive),Schedule in Advance
Accents Language Services Inc,Ewe,In-Person Interpretation (Simultaneous),Schedule in Advance
Accents Language Services Inc,Ewe,Over the Phone Interpretation,On Demand
Accents Language Services Inc,Ewe,Over the Phone Interpretation,Schedule in Advance
Accents Language Services Inc,Ewe,Video Remote Interpretation,Schedule in Advance
Accents Language Services Inc,Ewe,Video Remote Interpretation,On Demand
Accents Language Services Inc,Farsi (Persian),In-Person Interpretation (Consecutive),Schedule in Advance
Accents Language Services Inc,Farsi (Persian),In-Person Interpretation (Simultaneous),Schedule in Advance
Accents Language Services Inc,Farsi (Persian),Over the Phone Interpretation,On Demand
Accents Language Services Inc,Farsi (Persian),Over the Phone Interpretation,Schedule in Advance
Accents Language Services Inc,Farsi (Persian),Video Remote Interpretation,Schedule in Advance
Accents Language Services Inc,Farsi (Persian),Video Remote Interpretation,On Demand
Accents Language Services Inc,French Sign Language,Over the Phone Interpretation,Schedule in Advance
Accents Language Services Inc,French Sign Language,Over the Phone Interpretation,On Demand
Accents Language Services Inc,French Sign Language,Video Remote Interpretation,On Demand
Accents Language Services Inc,French Sign Language,Video Remote Interpretation,Schedule in Advance
Accents Language Services Inc,Fulani (Fula),In-Person Interpretation (Consecutive),Schedule in Advance
Accents Language Services Inc,Fulani (Fula),In-Person Interpretation (Simultaneous),Schedule in Advance
Accents Language Services Inc,Fulani (Fula),Over the Phone Interpretation,On Demand
Accents Language Services Inc,Fulani (Fula),Over the Phone Interpretation,Schedule in Advance
Accents Language Services Inc,Fulani (Fula),Video Remote Interpretation,On Demand
Accents Language Services Inc,Fulani (Fula),Video Remote Interpretation,Schedule in Advance
Accents Language Services Inc,Guinea-Bissau Creole,Over the Phone Interpretation,On Demand
Accents Language Services Inc,Guinea-Bissau Creole,Over the Phone Interpretation,Schedule in Advance
Accents Language Services Inc,Guinea-Bissau Creole,Over the Phone Interpretation,Schedule in Advance
Accents Language Services Inc,Guinea-Bissau Creole,Video Remote Interpretation,Schedule in Advance
Accents Language Services Inc,Guinea-Bissau Creole,Video Remote Interpretation,On Demand
Accents Language Services Inc,Gujarati,Over the Phone Interpretation,On Demand
Accents Language Services Inc,Gujarati,Over the Phone Interpretation,Schedule in Advance
Accents Language Services Inc,Gujarati,Video Remote Interpretation,On Demand
Accents Language Services Inc,Gujarati,Video Remote Interpretation,Schedule in Advance
Accents Language Services Inc,Hungarian,Over the Phone Interpretation,Schedule in Advance
Accents Language Services Inc,Hungarian,Over the Phone Interpretation,On Demand
Accents Language Services Inc,Hungarian,Video Remote Interpretation,On Demand
Accents Language Services Inc,Hungarian,Video Remote Interpretation,Schedule in Advance
Accents Language Services Inc,Igbo,In-Person Interpretation (Consecutive),Schedule in Advance
Accents Language Services Inc,Igbo,In-Person Interpretation (Simultaneous),Schedule in Advance
Accents Language Services Inc,Irish Sign Language,Over the Phone Interpretation,On Demand
Accents Language Services Inc,Irish Sign Language,Over the Phone Interpretation,Schedule in Advance
Accents Language Services Inc,Irish Sign Language,Video Remote Interpretation,On Demand
Accents Language Services Inc,Irish Sign Language,Video Remote Interpretation,Schedule in Advance
Accents Language Services Inc,Jamaican Patuá,Over the Phone Interpretation,On Demand
Accents Language Services Inc,Jamaican Patuá,Over the Phone Interpretation,Schedule in Advance
Accents Language Services Inc,Jamaican Patuá,Over the Phone Interpretation,Schedule in Advance
Accents Language Services Inc,Jamaican Patuá,Video Remote Interpretation,On Demand
Accents Language Services Inc,Jamaican Patuá,Video Remote Interpretation,Schedule in Advance
Accents Language Services Inc,Japanese Sign Language,Over the Phone Interpretation,Schedule in Advance
Accents Language Services Inc,Japanese Sign Language,Over the Phone Interpretation,On Demand
Accents Language Services Inc,Japanese Sign Language,Video Remote Interpretation,Schedule in Advance
Accents Language Services Inc,Japanese Sign Language,Video Remote Interpretation,On Demand
Accents Language Services Inc,Karen,Over the Phone Interpretation,Schedule in Advance
Accents Language Services Inc,Karen,Over the Phone Interpretation,On Demand
Accents Language Services Inc,Karen,Video Remote Interpretation,Schedule in Advance
Accents Language Services Inc,Karen,Video Remote Interpretation,On Demand
Accents Language Services Inc,Kinyarwanda,Over the Phone Interpretation,Schedule in Advance
Accents Language Services Inc,Kinyarwanda,Over the Phone Interpretation,On Demand
Accents Language Services Inc,Kinyarwanda,Video Remote Interpretation,On Demand
Accents Language Services Inc,Kinyarwanda,Video Remote Interpretation,Schedule in Advance
Accents Language Services Inc,Kirundi,Over the Phone Interpretation,Schedule in Advance
Accents Language Services Inc,Kirundi,Over the Phone Interpretation,On Demand
Accents Language Services Inc,Kirundi,Video Remote Interpretation,Schedule in Advance
Accents Language Services Inc,Kirundi,Video Remote Interpretation,On Demand
Accents Language Services Inc,Kiswahili,Over the Phone Interpretation,On Demand
Accents Language Services Inc,Kiswahili,Over the Phone Interpretation,Schedule in Advance
Accents Language Services Inc,Kiswahili,Video Remote Interpretation,Schedule in Advance
Accents Language Services Inc,Kiswahili,Video Remote Interpretation,On Demand
Accents Language Services Inc,Konyaka,Over the Phone Interpretation,Schedule in Advance
Accents Language Services Inc,Konyaka,Over the Phone Interpretation,On Demand
Accents Language Services Inc,Konyaka,Video Remote Interpretation,Schedule in Advance
Accents Language Services Inc,Konyaka,Video Remote Interpretation,On Demand
Accents Language Services Inc,Krio,Over the Phone Interpretation,Schedule in Advance
Accents Language Services Inc,Krio,Over the Phone Interpretation,On Demand
Accents Language Services Inc,Krio,Over the Phone Interpretation,Schedule in Advance
Accents Language Services Inc,Krio,Over the Phone Interpretation,On Demand
Accents Language Services Inc,Krio,Video Remote Interpretation,On Demand
Accents Language Services Inc,Krio,Video Remote Interpretation,Schedule in Advance
Accents Language Services Inc,Krio,Video Remote Interpretation,On Demand
Accents Language Services Inc,Kunama,Over the Phone Interpretation,On Demand
Accents Language Services Inc,Kunama,Over the Phone Interpretation,Schedule in Advance
Accents Language Services Inc,Kunama,Video Remote Interpretation,On Demand
Accents Language Services Inc,Kunama,Video Remote Interpretation,Schedule in Advance
Accents Language Services Inc,Kurdish,Over the Phone Interpretation,Schedule in Advance
Accents Language Services Inc,Kurdish,Video Remote Interpretation,On Demand
Accents Language Services Inc,Kurdish (Badini),Over the Phone Interpretation,On Demand
Accents Language Services Inc,Kurdish (Badini),Over the Phone Interpretation,Schedule in Advance
Accents Language Services Inc,Kurdish (Badini),Video Remote Interpretation,Schedule in Advance
Accents Language Services Inc,Kurdish (Badini),Video Remote Interpretation,On Demand
Accents Language Services Inc,Kurdish (Kurmanci),Over the Phone Interpretation,On Demand
Accents Language Services Inc,Kurdish (Kurmanci),Over the Phone Interpretation,Schedule in Advance
Accents Language Services Inc,Kurdish (Kurmanci),Video Remote Interpretation,On Demand
Accents Language Services Inc,Kurdish (Kurmanci),Video Remote Interpretation,Schedule in Advance
Accents Language Services Inc,Kurdish (Sorani),Over the Phone Interpretation,Schedule in Advance
Accents Language Services Inc,Kurdish (Sorani),Over the Phone Interpretation,On Demand
Accents Language Services Inc,Kurdish (Sorani),Video Remote Interpretation,On Demand
Accents Language Services Inc,Kurdish (Sorani),Video Remote Interpretation,Schedule in Advance
Accents Language Services Inc,Lao,Over the Phone Interpretation,On Demand
Accents Language Services Inc,Lao,Over the Phone Interpretation,Schedule in Advance
Accents Language Services Inc,Lao,Video Remote Interpretation,On Demand
Accents Language Services Inc,Lao,Video Remote Interpretation,Schedule in Advance
Accents Language Services Inc,Latvian,Over the Phone Interpretation,On Demand
Accents Language Services Inc,Latvian,Over the Phone Interpretation,Schedule in Advance
Accents Language Services Inc,Latvian,Video Remote Interpretation,Schedule in Advance
Accents Language Services Inc,Latvian,Video Remote Interpretation,On Demand
Accents Language Services Inc,Lingala,Over the Phone Interpretation,On Demand
Accents Language Services Inc,Lingala,Over the Phone Interpretation,Schedule in Advance
Accents Language Services Inc,Lingala,Video Remote Interpretation,On Demand
Accents Language Services Inc,Lingala,Video Remote Interpretation,Schedule in Advance
Accents Language Services Inc,Luganda,Over the Phone Interpretation,On Demand
Accents Language Services Inc,Luganda,Over the Phone Interpretation,Schedule in Advance
Accents Language Services Inc,Luganda,Video Remote Interpretation,Schedule in Advance
Accents Language Services Inc,Luganda,Video Remote Interpretation,On Demand
Accents Language Services Inc,Lunyankore,Over the Phone Interpretation,On Demand
Accents Language Services Inc,Lunyankore,Over the Phone Interpretation,Schedule in Advance
Accents Language Services Inc,Lunyankore,Video Remote Interpretation,Schedule in Advance
Accents Language Services Inc,Lunyankore,Video Remote Interpretation,On Demand
Accents Language Services Inc,Macanese Patuá,Over the Phone Interpretation,Schedule in Advance
Accents Language Services Inc,Macanese Patuá,Over the Phone Interpretation,On Demand
Accents Language Services Inc,Macanese Patuá,Video Remote Interpretation,On Demand
Accents Language Services Inc,Macanese Patuá,Video Remote Interpretation,Schedule in Advance
Accents Language Services Inc,Malay,Over the Phone Interpretation,Schedule in Advance
Accents Language Services Inc,Malay,Over the Phone Interpretation,On Demand
Accents Language Services Inc,Malay,Video Remote Interpretation,On Demand
Accents Language Services Inc,Malay,Video Remote Interpretation,Schedule in Advance
Accents Language Services Inc,Malayalam,Over the Phone Interpretation,Schedule in Advance
Accents Language Services Inc,Malayalam,Over the Phone Interpretation,On Demand
Accents Language Services Inc,Malayalam,Video Remote Interpretation,On Demand
Accents Language Services Inc,Malayalam,Video Remote Interpretation,Schedule in Advance
Accents Language Services Inc,Mandinka,In-Person Interpretation (Consecutive),Schedule in Advance
Accents Language Services Inc,Mandinka,In-Person Interpretation (Simultaneous),Schedule in Advance
Accents Language Services Inc,Mandinka,Over the Phone Interpretation,Schedule in Advance
Accents Language Services Inc,Mandinka,Over the Phone Interpretation,On Demand
Accents Language Services Inc,Mandinka,Video Remote Interpretation,On Demand
Accents Language Services Inc,Mandinka,Video Remote Interpretation,Schedule in Advance
Accents Language Services Inc,Maninka,Over the Phone Interpretation,Schedule in Advance
Accents Language Services Inc,Maninka,Over the Phone Interpretation,On Demand
Accents Language Services Inc,Maninka,Video Remote Interpretation,On Demand
Accents Language Services Inc,Maninka,Video Remote Interpretation,Schedule in Advance
Accents Language Services Inc,Marka,Over the Phone Interpretation,On Demand
Accents Language Services Inc,Marka,Over the Phone Interpretation,Schedule in Advance
Accents Language Services Inc,Marka,Video Remote Interpretation,On Demand
Accents Language Services Inc,Marka,Video Remote Interpretation,Schedule in Advance
Accents Language Services Inc,Mexican Sign Language,Over the Phone Interpretation,On Demand
Accents Language Services Inc,Mexican Sign Language,Over the Phone Interpretation,Schedule in Advance
Accents Language Services Inc,Mexican Sign Language,Video Remote Interpretation,On Demand
Accents Language Services Inc,Mexican Sign Language,Video Remote Interpretation,Schedule in Advance
Accents Language Services Inc,Mina,Over the Phone Interpretation,On Demand
Accents Language Services Inc,Mina,Over the Phone Interpretation,Schedule in Advance
Accents Language Services Inc,Mina,Video Remote Interpretation,Schedule in Advance
Accents Language Services Inc,Mina,Video Remote Interpretation,On Demand
Accents Language Services Inc,Moldovan,Over the Phone Interpretation,On Demand
Accents Language Services Inc,Moldovan,Over the Phone Interpretation,Schedule in Advance
Accents Language Services Inc,Moldovan,Video Remote Interpretation,Schedule in Advance
Accents Language Services Inc,Moldovan,Video Remote Interpretation,On Demand
Accents Language Services Inc,Nahuátl,Over the Phone Interpretation,Schedule in Advance
Accents Language Services Inc,Nahuátl,Over the Phone Interpretation,On Demand
Accents Language Services Inc,Nahuátl,Video Remote Interpretation,On Demand
Accents Language Services Inc,Nahuátl,Video Remote Interpretation,Schedule in Advance
Accents Language Services Inc,Nepali,Over the Phone Interpretation,Schedule in Advance
Accents Language Services Inc,Nepali,Over the Phone Interpretation,On Demand
Accents Language Services Inc,Nepali Sign Language,Over the Phone Interpretation,Schedule in Advance
Accents Language Services Inc,Nepali Sign Language,Over the Phone Interpretation,On Demand
Accents Language Services Inc,Nepali Sign Language,Video Remote Interpretation,On Demand
Accents Language Services Inc,Nepali Sign Language,Video Remote Interpretation,Schedule in Advance
Accents Language Services Inc,Pakistani Sign Language,Over the Phone Interpretation,Schedule in Advance
Accents Language Services Inc,Pakistani Sign Language,Over the Phone Interpretation,On Demand
Accents Language Services Inc,Pakistani Sign Language,Video Remote Interpretation,On Demand
Accents Language Services Inc,Pakistani Sign Language,Video Remote Interpretation,Schedule in Advance
Accents Language Services Inc,Pashto,Over the Phone Interpretation,On Demand
Accents Language Services Inc,Pashto,Over the Phone Interpretation,Schedule in Advance
Accents Language Services Inc,Pashto,Over the Phone Interpretation,Schedule in Advance
Accents Language Services Inc,Pashto,Over the Phone Interpretation,On Demand
Accents Language Services Inc,Pashto,Video Remote Interpretation,Schedule in Advance
Accents Language Services Inc,Pashto,Video Remote Interpretation,Schedule in Advance
Accents Language Services Inc,Pashto,Video Remote Interpretation,On Demand
Accents Language Services Inc,Pashto,Video Remote Interpretation,On Demand
Accents Language Services Inc,Pull,Over the Phone Interpretation,On Demand
Accents Language Services Inc,Pull,Over the Phone Interpretation,Schedule in Advance
Accents Language Services Inc,Pull,Video Remote Interpretation,On Demand
Accents Language Services Inc,Pull,Video Remote Interpretation,Schedule in Advance
Accents Language Services Inc,Rohingya,In-Person Interpretation (Consecutive),Schedule in Advance
Accents Language Services Inc,Rohingya,In-Person Interpretation (Simultaneous),Schedule in Advance
Accents Language Services Inc,Rohingya,Over the Phone Interpretation,On Demand
Accents Language Services Inc,Rohingya,Over the Phone Interpretation,Schedule in Advance
Accents Language Services Inc,Rohingya,Video Remote Interpretation,On Demand
Accents Language Services Inc,Rohingya,Video Remote Interpretation,Schedule in Advance
Accents Language Services Inc,Romanian,Over the Phone Interpretation,Schedule in Advance
Accents Language Services Inc,Romanian,Over the Phone Interpretation,On Demand
Accents Language Services Inc,Romanian,Video Remote Interpretation,On Demand
Accents Language Services Inc,Romanian,Video Remote Interpretation,Schedule in Advance
Accents Language Services Inc,Russian Sign Language,Over the Phone Interpretation,On Demand
Accents Language Services Inc,Russian Sign Language,Over the Phone Interpretation,Schedule in Advance
Accents Language Services Inc,Russian Sign Language,Video Remote Interpretation,Schedule in Advance
Accents Language Services Inc,Russian Sign Language,Video Remote Interpretation,On Demand
Accents Language Services Inc,Serbian,Over the Phone Interpretation,Schedule in Advance
Accents Language Services Inc,Serbian,Over the Phone Interpretation,On Demand
Accents Language Services Inc,Serbian,Video Remote Interpretation,Schedule in Advance
Accents Language Services Inc,Serbian,Video Remote Interpretation,On Demand
Accents Language Services Inc,Slovak,Over the Phone Interpretation,On Demand
Accents Language Services Inc,Slovak,Over the Phone Interpretation,Schedule in Advance
Accents Language Services Inc,Slovak,Video Remote Interpretation,On Demand
Accents Language Services Inc,Slovak,Video Remote Interpretation,Schedule in Advance
Accents Language Services Inc,Somali,Over the Phone Interpretation,Schedule in Advance
Accents Language Services Inc,Somali,Over the Phone Interpretation,On Demand
Accents Language Services Inc,Somali,Video Remote Interpretation,Schedule in Advance
Accents Language Services Inc,Somali,Video Remote Interpretation,On Demand
Accents Language Services Inc,Soninke,In-Person Interpretation (Consecutive),Schedule in Advance
Accents Language Services Inc,Soninke,In-Person Interpretation (Simultaneous),Schedule in Advance
Accents Language Services Inc,Soninke,Over the Phone Interpretation,On Demand
Accents Language Services Inc,Soninke,Over the Phone Interpretation,Schedule in Advance
Accents Language Services Inc,Soninke,Video Remote Interpretation,Schedule in Advance
Accents Language Services Inc,Soninke,Video Remote Interpretation,On Demand
Accents Language Services Inc,Swahili,In-Person Interpretation (Consecutive),Schedule in Advance
Accents Language Services Inc,Swahili,In-Person Interpretation (Simultaneous),Schedule in Advance
Accents Language Services Inc,Swahili,Over the Phone Interpretation,On Demand
Accents Language Services Inc,Swahili,Over the Phone Interpretation,Schedule in Advance
Accents Language Services Inc,Swahili,Video Remote Interpretation,On Demand
Accents Language Services Inc,Swahili,Video Remote Interpretation,Schedule in Advance
Accents Language Services Inc,Sylheti,Over the Phone Interpretation,On Demand
Accents Language Services Inc,Sylheti,Over the Phone Interpretation,Schedule in Advance
Accents Language Services Inc,Sylheti,Video Remote Interpretation,Schedule in Advance
Accents Language Services Inc,Sylheti,Video Remote Interpretation,On Demand
Accents Language Services Inc,Tajik,Over the Phone Interpretation,Schedule in Advance
Accents Language Services Inc,Tajik,Over the Phone Interpretation,On Demand
Accents Language Services Inc,Tajik,Over the Phone Interpretation,On Demand
Accents Language Services Inc,Tajik,Over the Phone Interpretation,Schedule in Advance
Accents Language Services Inc,Tajik,Video Remote Interpretation,Schedule in Advance
Accents Language Services Inc,Tajik,Video Remote Interpretation,Schedule in Advance
Accents Language Services Inc,Tajik,Video Remote Interpretation,On Demand
Accents Language Services Inc,Tajik,Video Remote Interpretation,On Demand
Accents Language Services Inc,Tamil,Over the Phone Interpretation,On Demand
Accents Language Services Inc,Tamil,Over the Phone Interpretation,Schedule in Advance
Accents Language Services Inc,Tamil,Video Remote Interpretation,Schedule in Advance
Accents Language Services Inc,Tamil,Video Remote Interpretation,On Demand
Accents Language Services Inc,Tibetan,Over the Phone Interpretation,Schedule in Advance
Accents Language Services Inc,Tibetan,Over the Phone Interpretation,On Demand
Accents Language Services Inc,Tibetan,Video Remote Interpretation,Schedule in Advance
Accents Language Services Inc,Tibetan,Video Remote Interpretation,On Demand
Accents Language Services Inc,Tigre,Over the Phone Interpretation,Schedule in Advance
Accents Language Services Inc,Tigre,Over the Phone Interpretation,On Demand
Accents Language Services Inc,Tigre,Video Remote Interpretation,On Demand
Accents Language Services Inc,Tigre,Video Remote Interpretation,Schedule in Advance
Accents Language Services Inc,Tigrigna (Tigrinya),Over the Phone Interpretation,Schedule in Advance
Accents Language Services Inc,Tigrigna (Tigrinya),Over the Phone Interpretation,On Demand
Accents Language Services Inc,Tigrigna (Tigrinya),Video Remote Interpretation,On Demand
Accents Language Services Inc,Tigrigna (Tigrinya),Video Remote Interpretation,Schedule in Advance
Accents Language Services Inc,Turkish,In-Person Interpretation (Consecutive),Schedule in Advance
Accents Language Services Inc,Turkish,In-Person Interpretation (Simultaneous),Schedule in Advance
Accents Language Services Inc,Turkish,Over the Phone Interpretation,Schedule in Advance
Accents Language Services Inc,Turkish,Over the Phone Interpretation,On Demand
Accents Language Services Inc,Turkish,Video Remote Interpretation,On Demand
Accents Language Services Inc,Turkish,Video Remote Interpretation,Schedule in Advance
Accents Language Services Inc,Twi,In-Person Interpretation (Consecutive),Schedule in Advance
Accents Language Services Inc,Twi,In-Person Interpretation (Simultaneous),Schedule in Advance
Accents Language Services Inc,Twi,Over the Phone Interpretation,On Demand
Accents Language Services Inc,Twi,Over the Phone Interpretation,Schedule in Advance
Accents Language Services Inc,Twi,Video Remote Interpretation,On Demand
Accents Language Services Inc,Twi,Video Remote Interpretation,Schedule in Advance
Accents Language Services Inc,Ukrainian Sign Language,Over the Phone Interpretation,Schedule in Advance
Accents Language Services Inc,Ukrainian Sign language,Over the Phone Interpretation,On Demand
Accents Language Services Inc,Ukrainian Sign Language,Video Remote Interpretation,Schedule in Advance
Accents Language Services Inc,Ukrainian Sign Language,Video Remote Interpretation,On Demand
Accents Language Services Inc,Urdu,Over the Phone Interpretation,On Demand
Accents Language Services Inc,Urdu,Over the Phone Interpretation,Schedule in Advance
Accents Language Services Inc,Urdu,Over the Phone Interpretation,Schedule in Advance
Accents Language Services Inc,Urdu,Over the Phone Interpretation,Schedule in Advance
Accents Language Services Inc,Urdu,Over the Phone Interpretation,On Demand
Accents Language Services Inc,Urdu,Over the Phone Interpretation,On Demand
Accents Language Services Inc,Urdu,Video Remote Interpretation,On Demand
Accents Language Services Inc,Urdu,Video Remote Interpretation,On Demand
Accents Language Services Inc,Urdu,Video Remote Interpretation,Schedule in Advance
Accents Language Services Inc,Urhobo,Over the Phone Interpretation,Schedule in Advance
Accents Language Services Inc,Urhobo,Video Remote Interpretation,On Demand
Accents Language Services Inc,Uzbek,Over the Phone Interpretation,Schedule in Advance
Accents Language Services Inc,Uzbek,Over the Phone Interpretation,On Demand
Accents Language Services Inc,Uzbek,Video Remote Interpretation,Schedule in Advance
Accents Language Services Inc,Uzbek,Video Remote Interpretation,On Demand
Accents Language Services Inc,Venezuelan Sign Language,Over the Phone Interpretation,Schedule in Advance
Accents Language Services Inc,Venezuelan Sign Language,Over the Phone Interpretation,On Demand
Accents Language Services Inc,Venezuelan Sign Language,Video Remote Interpretation,On Demand
Accents Language Services Inc,Venezuelan Sign Language,Video Remote Interpretation,Schedule in Advance
Accents Language Services Inc,Wolof,In-Person Interpretation (Consecutive),Schedule in Advance
Accents Language Services Inc,Wolof,In-Person Interpretation (Simultaneous),Schedule in Advance
Accents Language Services Inc,Wolof,Over the Phone Interpretation,On Demand
Accents Language Services Inc,Wolof,Over the Phone Interpretation,Schedule in Advance
Accents Language Services Inc,Wolof,Video Remote Interpretation,Schedule in Advance
Accents Language Services Inc,Wolof,Video Remote Interpretation,On Demand
Agnew Multilingual,Akan,Over the Phone Interpretation,On Demand
Agnew Multilingual,American Sign Language,Video Remote Interpretation,Schedule in Advance
Agnew Multilingual,Bamanankan,Over the Phone Interpretation,On Demand
Agnew Multilingual,Bosnian,Over the Phone Interpretation,On Demand
Agnew Multilingual,Cantonese (Chinese),Over the Phone Interpretation,On Demand
Agnew Multilingual,Chinese (Taishanese),Over the Phone Interpretation,On Demand
Agnew Multilingual,Ewe,Over the Phone Interpretation,On Demand
Agnew Multilingual,Guinea-Bissau Creole,Over the Phone Interpretation,On Demand
Agnew Multilingual,Hungarian,Over the Phone Interpretation,On Demand
Agnew Multilingual,Karen,Over the Phone Interpretation,On Demand
Agnew Multilingual,Kirundi,Over the Phone Interpretation,On Demand
Agnew Multilingual,Lao,Over the Phone Interpretation,On Demand
Agnew Multilingual,Latvian,Over the Phone Interpretation,On Demand
Agnew Multilingual,Malayalam,Over the Phone Interpretation,On Demand
Agnew Multilingual,Mandinka,Over the Phone Interpretation,On Demand
Agnew Multilingual,Nahuátl,Over the Phone Interpretation,On Demand
Agnew Multilingual,Rohingya,Over the Phone Interpretation,On Demand
Agnew Multilingual,Romanian,Over the Phone Interpretation,On Demand
Agnew Multilingual,Serbian,Over the Phone Interpretation,On Demand
Agnew Multilingual,Slovak,Over the Phone Interpretation,On Demand
Agnew Multilingual,Somali,Over the Phone Interpretation,On Demand
Agnew Multilingual,Swahili,Over the Phone Interpretation,On Demand
Agnew Multilingual,Sylheti,Over the Phone Interpretation,On Demand
Agnew Multilingual,Tamil,Over the Phone Interpretation,On Demand
Agnew Multilingual,Tibetan,Over the Phone Interpretation,On Demand
Agnew Multilingual,Tigrigna (Tigrinya),Over the Phone Interpretation,On Demand
Agnew Multilingual,Turkish,Over the Phone Interpretation,On Demand
Agnew Multilingual,Twi,Over the Phone Interpretation,On Demand
Agnew Multilingual,Uzbek,Over the Phone Interpretation,On Demand
Agnew Multilingual,Wolof,Over the Phone Interpretation,On Demand
Allmulom Community Interpretation (LLC),Arabic (Egyptian),In-Person Interpretation (Consecutive),Schedule in Advance
Allmulom Community Interpretation (LLC),Arabic (Egyptian),In-Person Interpretation (Simultaneous),Schedule in Advance
Allmulom Community Interpretation (LLC),Arabic (Egyptian),Over the Phone Interpretation,On Demand
Allmulom Community Interpretation (LLC),Arabic (Egyptian),Over the Phone Interpretation,Schedule in Advance
Allmulom Community Interpretation (LLC),Arabic (Egyptian),Video Remote Interpretation,On Demand
Allmulom Community Interpretation (LLC),Arabic (Egyptian),Video Remote Interpretation,Schedule in Advance
Allmulom Community Interpretation (LLC),Guinea-Bissau Creole,In-Person Interpretation (Consecutive),Schedule in Advance
Allmulom Community Interpretation (LLC),Guinea-Bissau Creole,In-Person Interpretation (Simultaneous),Schedule in Advance
Allmulom Community Interpretation (LLC),Guinea-Bissau Creole,Over the Phone Interpretation,On Demand
Allmulom Community Interpretation (LLC),Guinea-Bissau Creole,Over the Phone Interpretation,Schedule in Advance
Allmulom Community Interpretation (LLC),Guinea-Bissau Creole,Video Remote Interpretation,Schedule in Advance
Allmulom Community Interpretation (LLC),Guinea-Bissau Creole,Video Remote Interpretation,On Demand
Allmulom Community Interpretation (LLC),Karen,In-Person Interpretation (Consecutive),Schedule in Advance
Allmulom Community Interpretation (LLC),Karen,In-Person Interpretation (Simultaneous),Schedule in Advance
Allmulom Community Interpretation (LLC),Karen,Over the Phone Interpretation,Schedule in Advance
Allmulom Community Interpretation (LLC),Karen,Over the Phone Interpretation,On Demand
Allmulom Community Interpretation (LLC),Karen,Video Remote Interpretation,On Demand
Allmulom Community Interpretation (LLC),Karen,Video Remote Interpretation,Schedule in Advance
Allmulom Community Interpretation (LLC),Kibembe,In-Person Interpretation (Consecutive),Schedule in Advance
Allmulom Community Interpretation (LLC),Kibembe,In-Person Interpretation (Simultaneous),Schedule in Advance
Allmulom Community Interpretation (LLC),Kibembe,Over the Phone Interpretation,On Demand
Allmulom Community Interpretation (LLC),Kibembe,Over the Phone Interpretation,Schedule in Advance
Allmulom Community Interpretation (LLC),Kibembe,Video Remote Interpretation,Schedule in Advance
Allmulom Community Interpretation (LLC),Kibembe,Video Remote Interpretation,On Demand
Allmulom Community Interpretation (LLC),Kihavu,In-Person Interpretation (Consecutive),Schedule in Advance
Allmulom Community Interpretation (LLC),Kihavu,In-Person Interpretation (Simultaneous),Schedule in Advance
Allmulom Community Interpretation (LLC),Kihavu,Over the Phone Interpretation,Schedule in Advance
Allmulom Community Interpretation (LLC),Kihavu,Over the Phone Interpretation,On Demand
Allmulom Community Interpretation (LLC),Kihavu,Video Remote Interpretation,On Demand
Allmulom Community Interpretation (LLC),Kihavu,Video Remote Interpretation,Schedule in Advance
Allmulom Community Interpretation (LLC),Kihunde,In-Person Interpretation (Consecutive),Schedule in Advance
Allmulom Community Interpretation (LLC),Kihunde,In-Person Interpretation (Simultaneous),Schedule in Advance
Allmulom Community Interpretation (LLC),Kihunde,Over the Phone Interpretation,On Demand
Allmulom Community Interpretation (LLC),Kihunde,Over the Phone Interpretation,Schedule in Advance
Allmulom Community Interpretation (LLC),Kihunde,Video Remote Interpretation,On Demand
Allmulom Community Interpretation (LLC),Kihunde,Video Remote Interpretation,Schedule in Advance
Allmulom Community Interpretation (LLC),Kinyankore,In-Person Interpretation (Consecutive),Schedule in Advance
Allmulom Community Interpretation (LLC),Kinyankore,In-Person Interpretation (Simultaneous),Schedule in Advance
Allmulom Community Interpretation (LLC),Kinyankore,Over the Phone Interpretation,Schedule in Advance
Allmulom Community Interpretation (LLC),Kinyankore,Over the Phone Interpretation,On Demand
Allmulom Community Interpretation (LLC),Kinyankore,Video Remote Interpretation,Schedule in Advance
Allmulom Community Interpretation (LLC),Kinyankore,Video Remote Interpretation,On Demand
Allmulom Community Interpretation (LLC),Kinyarwanda,In-Person Interpretation (Consecutive),Schedule in Advance
Allmulom Community Interpretation (LLC),Kinyarwanda,In-Person Interpretation (Simultaneous),Schedule in Advance
Allmulom Community Interpretation (LLC),Kinyarwanda,Over the Phone Interpretation,On Demand
Allmulom Community Interpretation (LLC),Kinyarwanda,Over the Phone Interpretation,Schedule in Advance
Allmulom Community Interpretation (LLC),Kinyarwanda,Video Remote Interpretation,Schedule in Advance
Allmulom Community Interpretation (LLC),Kinyarwanda,Video Remote Interpretation,On Demand
Allmulom Community Interpretation (LLC),Kirega,In-Person Interpretation (Consecutive),Schedule in Advance
Allmulom Community Interpretation (LLC),Kirega,In-Person Interpretation (Simultaneous),Schedule in Advance
Allmulom Community Interpretation (LLC),Kirega,Over the Phone Interpretation,On Demand
Allmulom Community Interpretation (LLC),Kirega,Over the Phone Interpretation,Schedule in Advance
Allmulom Community Interpretation (LLC),Kirega,Video Remote Interpretation,Schedule in Advance
Allmulom Community Interpretation (LLC),Kirega,Video Remote Interpretation,On Demand
Allmulom Community Interpretation (LLC),Kirundi,In-Person Interpretation (Consecutive),Schedule in Advance
Allmulom Community Interpretation (LLC),Kirundi,In-Person Interpretation (Consecutive),Schedule in Advance
Allmulom Community Interpretation (LLC),Kirundi,In-Person Interpretation (Simultaneous),Schedule in Advance
Allmulom Community Interpretation (LLC),Kirundi,In-Person Interpretation (Simultaneous),Schedule in Advance
Allmulom Community Interpretation (LLC),Kirundi,Over the Phone Interpretation,On Demand
Allmulom Community Interpretation (LLC),Kirundi,Over the Phone Interpretation,Schedule in Advance
Allmulom Community Interpretation (LLC),Kirundi,Over the Phone Interpretation,Schedule in Advance
Allmulom Community Interpretation (LLC),Kirundi,Over the Phone Interpretation,On Demand
Allmulom Community Interpretation (LLC),Kirundi,Video Remote Interpretation,Schedule in Advance
Allmulom Community Interpretation (LLC),Kirundi,Video Remote Interpretation,Schedule in Advance
Allmulom Community Interpretation (LLC),Kirundi,Video Remote Interpretation,On Demand
Allmulom Community Interpretation (LLC),Kirundi,Video Remote Interpretation,On Demand
Allmulom Community Interpretation (LLC),Lingala,In-Person Interpretation (Consecutive),Schedule in Advance
Allmulom Community Interpretation (LLC),Lingala,In-Person Interpretation (Simultaneous),Schedule in Advance
Allmulom Community Interpretation (LLC),Lingala,Over the Phone Interpretation,Schedule in Advance
Allmulom Community Interpretation (LLC),Lingala,Over the Phone Interpretation,On Demand
Allmulom Community Interpretation (LLC),Lingala,Video Remote Interpretation,Schedule in Advance
Allmulom Community Interpretation (LLC),Lingala,Video Remote Interpretation,On Demand
Allmulom Community Interpretation (LLC),Luganda,In-Person Interpretation (Consecutive),Schedule in Advance
Allmulom Community Interpretation (LLC),Luganda,In-Person Interpretation (Simultaneous),Schedule in Advance
Allmulom Community Interpretation (LLC),Luganda,Over the Phone Interpretation,Schedule in Advance
Allmulom Community Interpretation (LLC),Luganda,Over the Phone Interpretation,On Demand
Allmulom Community Interpretation (LLC),Luganda,Video Remote Interpretation,On Demand
Allmulom Community Interpretation (LLC),Luganda,Video Remote Interpretation,Schedule in Advance
Allmulom Community Interpretation (LLC),Mashi,In-Person Interpretation (Consecutive),Schedule in Advance
Allmulom Community Interpretation (LLC),Mashi,In-Person Interpretation (Simultaneous),Schedule in Advance
Allmulom Community Interpretation (LLC),Mashi,Over the Phone Interpretation,Schedule in Advance
Allmulom Community Interpretation (LLC),Mashi,Over the Phone Interpretation,On Demand
Allmulom Community Interpretation (LLC),Mashi,Video Remote Interpretation,Schedule in Advance
Allmulom Community Interpretation (LLC),Mashi,Video Remote Interpretation,On Demand
Allmulom Community Interpretation (LLC),Somali,In-Person Interpretation (Consecutive),Schedule in Advance
Allmulom Community Interpretation (LLC),Somali,In-Person Interpretation (Simultaneous),Schedule in Advance
Allmulom Community Interpretation (LLC),Somali,Over the Phone Interpretation,On Demand
Allmulom Community Interpretation (LLC),Somali,Over the Phone Interpretation,Schedule in Advance
Allmulom Community Interpretation (LLC),Somali,Video Remote Interpretation,On Demand
Allmulom Community Interpretation (LLC),Somali,Video Remote Interpretation,Schedule in Advance
Allmulom Community Interpretation (LLC),Swahili,In-Person Interpretation (Consecutive),Schedule in Advance
Allmulom Community Interpretation (LLC),Swahili,In-Person Interpretation (Simultaneous),Schedule in Advance
Allmulom Community Interpretation (LLC),Swahili,Over the Phone Interpretation,On Demand
Allmulom Community Interpretation (LLC),Swahili,Over the Phone Interpretation,Schedule in Advance
Allmulom Community Interpretation (LLC),Swahili,Video Remote Interpretation,Schedule in Advance
Allmulom Community Interpretation (LLC),Swahili,Video Remote Interpretation,On Demand
Allmulom Community Interpretation (LLC),Tigrigna (Tigrinya),In-Person Interpretation (Consecutive),Schedule in Advance
Allmulom Community Interpretation (LLC),Tigrigna (Tigrinya),In-Person Interpretation (Simultaneous),Schedule in Advance
Allmulom Community Interpretation (LLC),Tigrigna (Tigrinya),Over the Phone Interpretation,Schedule in Advance
Allmulom Community Interpretation (LLC),Tigrigna (Tigrinya),Over the Phone Interpretation,On Demand
Allmulom Community Interpretation (LLC),Tigrigna (Tigrinya),Video Remote Interpretation,On Demand
Allmulom Community Interpretation (LLC),Tigrigna (Tigrinya),Video Remote Interpretation,Schedule in Advance
ALTA Language Services Inc,Acehnese,Over the Phone Interpretation,Schedule in Advance
ALTA Language Services Inc,Acehnese,Over the Phone Interpretation,On Demand
ALTA Language Services Inc,Acehnese,Over the Phone Interpretation,On Demand
ALTA Language Services Inc,Acehnese,Over the Phone Interpretation,On Demand
ALTA Language Services Inc,Acehnese,Over the Phone Interpretation,Schedule in Advance
ALTA Language Services Inc,Achi,Over the Phone Interpretation,Schedule in Advance
ALTA Language Services Inc,Achi,Over the Phone Interpretation,On Demand
ALTA Language Services Inc,Achi,Over the Phone Interpretation,On Demand
ALTA Language Services Inc,Achi,Over the Phone Interpretation,On Demand
ALTA Language Services Inc,Achi,Over the Phone Interpretation,Schedule in Advance
ALTA Language Services Inc,Acholi,Over the Phone Interpretation,On Demand
ALTA Language Services Inc,Acholi,Over the Phone Interpretation,Schedule in Advance
ALTA Language Services Inc,Acholi,Over the Phone Interpretation,On Demand
ALTA Language Services Inc,Acholi,Over the Phone Interpretation,Schedule in Advance
ALTA Language Services Inc,Afar,Over the Phone Interpretation,Schedule in Advance
ALTA Language Services Inc,Afar,Over the Phone Interpretation,Schedule in Advance
ALTA Language Services Inc,Afar,Over the Phone Interpretation,On Demand
ALTA Language Services Inc,Afar,Over the Phone Interpretation,On Demand
ALTA Language Services Inc,Afar,Over the Phone Interpretation,Schedule in Advance
ALTA Language Services Inc,Afrikaans,Over the Phone Interpretation,Schedule in Advance
ALTA Language Services Inc,Afrikaans,Over the Phone Interpretation,On Demand
ALTA Language Services Inc,Afrikaans,Over the Phone Interpretation,On Demand
ALTA Language Services Inc,Afrikaans,Over the Phone Interpretation,Schedule in Advance
ALTA Language Services Inc,Akan,Over the Phone Interpretation,On Demand
ALTA Language Services Inc,Akan,Over the Phone Interpretation,Schedule in Advance
ALTA Language Services Inc,Akan,Over the Phone Interpretation,On Demand
ALTA Language Services Inc,Akan,Over the Phone Interpretation,On Demand
ALTA Language Services Inc,Akan,Over the Phone Interpretation,Schedule in Advance
ALTA Language Services Inc,Akateko (Akatek),Over the Phone Interpretation,Schedule in Advance
ALTA Language Services Inc,Akateko (Akatek),Over the Phone Interpretation,On Demand
ALTA Language Services Inc,Akateko (Akatek),Over the Phone Interpretation,On Demand
ALTA Language Services Inc,Akateko (Akatek),Over the Phone Interpretation,Schedule in Advance
ALTA Language Services Inc,Amoy,Over the Phone Interpretation,On Demand
ALTA Language Services Inc,Amoy,Over the Phone Interpretation,On Demand
ALTA Language Services Inc,Amoy (Xiamen Hokkien),Over the Phone Interpretation,On Demand
ALTA Language Services Inc,Amoy (Xiamen Hokkien),Over the Phone Interpretation,Schedule in Advance
ALTA Language Services Inc,Amoy (Xiamen Hokkien),Over the Phone Interpretation,On Demand
ALTA Language Services Inc,Amoy (Xiamen Hokkien),Over the Phone Interpretation,Schedule in Advance
ALTA Language Services Inc,Anuak,Over the Phone Interpretation,Schedule in Advance
ALTA Language Services Inc,Anuak,Over the Phone Interpretation,On Demand
ALTA Language Services Inc,Anuak,Over the Phone Interpretation,On Demand
ALTA Language Services Inc,Anuak,Over the Phone Interpretation,Schedule in Advance
ALTA Language Services Inc,Apache,Over the Phone Interpretation,Schedule in Advance
ALTA Language Services Inc,Apache,Over the Phone Interpretation,On Demand
ALTA Language Services Inc,Apache,Over the Phone Interpretation,On Demand
ALTA Language Services Inc,Apache,Over the Phone Interpretation,On Demand
ALTA Language Services Inc,Apache,Over the Phone Interpretation,Schedule in Advance
ALTA Language Services Inc,Arabic,Over the Phone Interpretation,On Demand
ALTA Language Services Inc,Arabic,Over the Phone Interpretation,Schedule in Advance
ALTA Language Services Inc,Arabic (Algerian),Over the Phone Interpretation,On Demand
ALTA Language Services Inc,Arabic (Algerian),Over the Phone Interpretation,Schedule in Advance
ALTA Language Services Inc,Arabic (Algerian),Over the Phone Interpretation,On Demand
ALTA Language Services Inc,Arabic (Algerian),Over the Phone Interpretation,Schedule in Advance
ALTA Language Services Inc,Arabic (Egyptian),Over the Phone Interpretation,On Demand
ALTA Language Services Inc,Arabic (Egyptian),Over the Phone Interpretation,Schedule in Advance
ALTA Language Services Inc,Arabic (Egyptian),Over the Phone Interpretation,On Demand
ALTA Language Services Inc,Arabic (Egyptian),Over the Phone Interpretation,On Demand
ALTA Language Services Inc,Arabic (Egyptian),Over the Phone Interpretation,Schedule in Advance
ALTA Language Services Inc,Arabic (Egyptian),Video Remote Interpretation,On Demand
ALTA Language Services Inc,Arabic (Egyptian),Video Remote Interpretation,On Demand
ALTA Language Services Inc,Arabic (Hassaniya),Over the Phone Interpretation,On Demand
ALTA Language Services Inc,Arabic (Hassaniya),Over the Phone Interpretation,Schedule in Advance
ALTA Language Services Inc,Arabic (Hassaniya),Over the Phone Interpretation,On Demand
ALTA Language Services Inc,Arabic (Hassaniya),Over the Phone Interpretation,Schedule in Advance
ALTA Language Services Inc,Arabic (Jordanian),Over the Phone Interpretation,On Demand
ALTA Language Services Inc,Arabic (Jordanian),Over the Phone Interpretation,Schedule in Advance
ALTA Language Services Inc,Arabic (Jordanian),Over the Phone Interpretation,On Demand
ALTA Language Services Inc,Arabic (Jordanian),Over the Phone Interpretation,Schedule in Advance
ALTA Language Services Inc,Arabic (Levantine),Over the Phone Interpretation,On Demand
ALTA Language Services Inc,Arabic (Levantine),Over the Phone Interpretation,Schedule in Advance
ALTA Language Services Inc,Arabic (Levantine),Over the Phone Interpretation,On Demand
ALTA Language Services Inc,Arabic (Levantine),Over the Phone Interpretation,Schedule in Advance
ALTA Language Services Inc,Arabic (Moroccan),Over the Phone Interpretation,Schedule in Advance
ALTA Language Services Inc,Arabic (Moroccan),Over the Phone Interpretation,On Demand
ALTA Language Services Inc,Arabic (Moroccan),Over the Phone Interpretation,On Demand
ALTA Language Services Inc,Arabic (Moroccan),Over the Phone Interpretation,Schedule in Advance
ALTA Language Services Inc,Arabic (Sudanese),Over the Phone Interpretation,Schedule in Advance
ALTA Language Services Inc,Arabic (Sudanese),Over the Phone Interpretation,On Demand
ALTA Language Services Inc,Arabic (Sudanese),Over the Phone Interpretation,On Demand
ALTA Language Services Inc,Arabic (Sudanese),Over the Phone Interpretation,Schedule in Advance
ALTA Language Services Inc,Arabic (Tunisian),Over the Phone Interpretation,Schedule in Advance
ALTA Language Services Inc,Arabic (Tunisian),Over the Phone Interpretation,On Demand
ALTA Language Services Inc,Arabic (Tunisian),Over the Phone Interpretation,On Demand
ALTA Language Services Inc,Arabic (Tunisian),Over the Phone Interpretation,Schedule in Advance
ALTA Language Services Inc,Arabic (Yemeni),Over the Phone Interpretation,On Demand
ALTA Language Services Inc,Arabic (Yemeni),Over the Phone Interpretation,Schedule in Advance
ALTA Language Services Inc,Arabic (Yemeni),Over the Phone Interpretation,On Demand
ALTA Language Services Inc,Arabic (Yemeni),Over the Phone Interpretation,Schedule in Advance
ALTA Language Services Inc,Arakanese,Over the Phone Interpretation,On Demand
ALTA Language Services Inc,Arakanese,Over the Phone Interpretation,Schedule in Advance
ALTA Language Services Inc,Arakanese,Over the Phone Interpretation,On Demand
ALTA Language Services Inc,Arakanese,Over the Phone Interpretation,On Demand
ALTA Language Services Inc,Arakanese,Over the Phone Interpretation,Schedule in Advance
ALTA Language Services Inc,Asante (Ashanti),Over the Phone Interpretation,On Demand
ALTA Language Services Inc,Asante (Ashanti),Over the Phone Interpretation,Schedule in Advance
ALTA Language Services Inc,Asante (Ashanti),Over the Phone Interpretation,Schedule in Advance
ALTA Language Services Inc,Asante (Ashanti),Over the Phone Interpretation,On Demand
ALTA Language Services Inc,Azeri,Over the Phone Interpretation,On Demand
ALTA Language Services Inc,Azeri,Over the Phone Interpretation,On Demand
ALTA Language Services Inc,Azeri (Azerbaijani),Over the Phone Interpretation,Schedule in Advance
ALTA Language Services Inc,Azeri (Azerbaijani),Over the Phone Interpretation,On Demand
ALTA Language Services Inc,Azeri (Azerbaijani),Over the Phone Interpretation,On Demand
ALTA Language Services Inc,Azeri (Azerbaijani),Over the Phone Interpretation,Schedule in Advance
ALTA Language Services Inc,Bahasa Melayu,Over the Phone Interpretation,Schedule in Advance
ALTA Language Services Inc,Bahasa Melayu,Over the Phone Interpretation,On Demand
ALTA Language Services Inc,Bahasa Melayu,Over the Phone Interpretation,On Demand
ALTA Language Services Inc,Bahasa Melayu,Over the Phone Interpretation,Schedule in Advance
ALTA Language Services Inc,Bajuni,Over the Phone Interpretation,On Demand
ALTA Language Services Inc,Bajuni,Over the Phone Interpretation,On Demand
ALTA Language Services Inc,Bajuni (Tikulu),Over the Phone Interpretation,Schedule in Advance
ALTA Language Services Inc,Bajuni (Tikulu),Over the Phone Interpretation,On Demand
ALTA Language Services Inc,Bajuni (Tikulu),Over the Phone Interpretation,On Demand
ALTA Language Services Inc,Bajuni (Tikulu),Over the Phone Interpretation,Schedule in Advance
ALTA Language Services Inc,Bambara,Over the Phone Interpretation,Schedule in Advance
ALTA Language Services Inc,Bambara,Over the Phone Interpretation,On Demand
ALTA Language Services Inc,Bambara,Over the Phone Interpretation,On Demand
ALTA Language Services Inc,Bambara,Over the Phone Interpretation,On Demand
ALTA Language Services Inc,Bambara,Over the Phone Interpretation,Schedule in Advance
ALTA Language Services Inc,Bashkir,Over the Phone Interpretation,On Demand
ALTA Language Services Inc,Bashkir,Over the Phone Interpretation,Schedule in Advance
ALTA Language Services Inc,Bashkir,Over the Phone Interpretation,On Demand
ALTA Language Services Inc,Bashkir,Over the Phone Interpretation,Schedule in Advance
ALTA Language Services Inc,Basque,Over the Phone Interpretation,Schedule in Advance
ALTA Language Services Inc,Basque,Over the Phone Interpretation,On Demand
ALTA Language Services Inc,Basque,Over the Phone Interpretation,On Demand
ALTA Language Services Inc,Basque,Over the Phone Interpretation,Schedule in Advance
ALTA Language Services Inc,Bassa,Over the Phone Interpretation,Schedule in Advance
ALTA Language Services Inc,Bassa,Over the Phone Interpretation,On Demand
ALTA Language Services Inc,Bassa,Over the Phone Interpretation,On Demand
ALTA Language Services Inc,Bassa,Over the Phone Interpretation,Schedule in Advance
ALTA Language Services Inc,Belarusian,Over the Phone Interpretation,Schedule in Advance
ALTA Language Services Inc,Belarusian,Over the Phone Interpretation,On Demand
ALTA Language Services Inc,Belarusian,Over the Phone Interpretation,On Demand
ALTA Language Services Inc,Belarusian,Over the Phone Interpretation,Schedule in Advance
ALTA Language Services Inc,Belize Creole English,Over the Phone Interpretation,Schedule in Advance
ALTA Language Services Inc,Belize Creole English,Over the Phone Interpretation,On Demand
ALTA Language Services Inc,Belize Creole English,Over the Phone Interpretation,On Demand
ALTA Language Services Inc,Belize Creole English,Over the Phone Interpretation,Schedule in Advance
ALTA Language Services Inc,Bemba,Over the Phone Interpretation,On Demand
ALTA Language Services Inc,Bemba,Over the Phone Interpretation,Schedule in Advance
ALTA Language Services Inc,Bemba,Over the Phone Interpretation,On Demand
ALTA Language Services Inc,Bemba,Over the Phone Interpretation,Schedule in Advance
ALTA Language Services Inc,Berber,Over the Phone Interpretation,On Demand
ALTA Language Services Inc,Berber,Over the Phone Interpretation,Schedule in Advance
ALTA Language Services Inc,Berber,Over the Phone Interpretation,On Demand
ALTA Language Services Inc,Berber,Over the Phone Interpretation,Schedule in Advance
ALTA Language Services Inc,Bini,Over the Phone Interpretation,Schedule in Advance
ALTA Language Services Inc,Bini,Over the Phone Interpretation,On Demand
ALTA Language Services Inc,Bini,Over the Phone Interpretation,On Demand
ALTA Language Services Inc,Bini,Over the Phone Interpretation,Schedule in Advance
ALTA Language Services Inc,Bisaya,Over the Phone Interpretation,On Demand
ALTA Language Services Inc,Bisaya,Over the Phone Interpretation,Schedule in Advance
ALTA Language Services Inc,Bisaya,Over the Phone Interpretation,On Demand
ALTA Language Services Inc,Bisaya,Over the Phone Interpretation,Schedule in Advance
ALTA Language Services Inc,Bosnian,Over the Phone Interpretation,On Demand
ALTA Language Services Inc,Bosnian,Over the Phone Interpretation,Schedule in Advance
ALTA Language Services Inc,Bosnian,Over the Phone Interpretation,On Demand
ALTA Language Services Inc,Bosnian,Over the Phone Interpretation,On Demand
ALTA Language Services Inc,Bosnian,Over the Phone Interpretation,Schedule in Advance
ALTA Language Services Inc,Bosnian,Video Remote Interpretation,Schedule in Advance
ALTA Language Services Inc,Bosnian,Video Remote Interpretation,Schedule in Advance
ALTA Language Services Inc,Bulgarian,Over the Phone Interpretation,On Demand
ALTA Language Services Inc,Bulgarian,Over the Phone Interpretation,Schedule in Advance
ALTA Language Services Inc,Bulgarian,Over the Phone Interpretation,On Demand
ALTA Language Services Inc,Bulgarian,Over the Phone Interpretation,Schedule in Advance
ALTA Language Services Inc,Burmese,Over the Phone Interpretation,Schedule in Advance
ALTA Language Services Inc,Burmese,Over the Phone Interpretation,On Demand
ALTA Language Services Inc,Burmese,Over the Phone Interpretation,On Demand
ALTA Language Services Inc,Burmese,Over the Phone Interpretation,Schedule in Advance
ALTA Language Services Inc,Calabrese,Over the Phone Interpretation,Schedule in Advance
ALTA Language Services Inc,Calabrese,Over the Phone Interpretation,On Demand
ALTA Language Services Inc,Calabrese,Over the Phone Interpretation,On Demand
ALTA Language Services Inc,Calabrese,Over the Phone Interpretation,Schedule in Advance
ALTA Language Services Inc,Cambodian,Over the Phone Interpretation,Schedule in Advance
ALTA Language Services Inc,Cambodian,Over the Phone Interpretation,On Demand
ALTA Language Services Inc,Cambodian,Over the Phone Interpretation,On Demand
ALTA Language Services Inc,Cambodian,Over the Phone Interpretation,Schedule in Advance
ALTA Language Services Inc,Cantonese (Chinese),Over the Phone Interpretation,On Demand
ALTA Language Services Inc,Cantonese (Chinese),Over the Phone Interpretation,On Demand
ALTA Language Services Inc,Cantonese (Chinese),Video Remote Interpretation,On Demand
ALTA Language Services Inc,Cantonese (Chinese),Video Remote Interpretation,On Demand
ALTA Language Services Inc,Cape Verdean Creole,Over the Phone Interpretation,Schedule in Advance
ALTA Language Services Inc,Cape Verdean Creole,Over the Phone Interpretation,On Demand
ALTA Language Services Inc,Cape Verdean Creole,Over the Phone Interpretation,On Demand
ALTA Language Services Inc,Cape Verdean Creole,Over the Phone Interpretation,Schedule in Advance
ALTA Language Services Inc,Carolinian,Over the Phone Interpretation,Schedule in Advance
ALTA Language Services Inc,Carolinian,Over the Phone Interpretation,On Demand
ALTA Language Services Inc,Carolinian,Over the Phone Interpretation,On Demand
ALTA Language Services Inc,Carolinian,Over the Phone Interpretation,Schedule in Advance
ALTA Language Services Inc,Castellano (Castilian),Over the Phone Interpretation,Schedule in Advance
ALTA Language Services Inc,Castellano (Castilian),Over the Phone Interpretation,On Demand
ALTA Language Services Inc,Castellano (Castilian),Over the Phone Interpretation,On Demand
ALTA Language Services Inc,Castellano (Castilian),Over the Phone Interpretation,Schedule in Advance
ALTA Language Services Inc,Catalan,Over the Phone Interpretation,Schedule in Advance
ALTA Language Services Inc,Catalan,Over the Phone Interpretation,On Demand
ALTA Language Services Inc,Catalan,Over the Phone Interpretation,On Demand
ALTA Language Services Inc,Catalan,Over the Phone Interpretation,Schedule in Advance
ALTA Language Services Inc,Cebuano,Over the Phone Interpretation,On Demand
ALTA Language Services Inc,Cebuano,Over the Phone Interpretation,Schedule in Advance
ALTA Language Services Inc,Cebuano,Over the Phone Interpretation,On Demand
ALTA Language Services Inc,Cebuano,Over the Phone Interpretation,Schedule in Advance
ALTA Language Services Inc,Chaldean (Neo-Aramaic),Over the Phone Interpretation,On Demand
ALTA Language Services Inc,Chaldean (Neo-Aramaic),Over the Phone Interpretation,Schedule in Advance
ALTA Language Services Inc,Chaldean (Neo-Aramaic),Over the Phone Interpretation,On Demand
ALTA Language Services Inc,Chaldean (Neo-Aramaic),Over the Phone Interpretation,Schedule in Advance
ALTA Language Services Inc,Chamorro,Over the Phone Interpretation,On Demand
ALTA Language Services Inc,Chamorro,Over the Phone Interpretation,Schedule in Advance
ALTA Language Services Inc,Chamorro,Over the Phone Interpretation,On Demand
ALTA Language Services Inc,Chamorro,Over the Phone Interpretation,Schedule in Advance
ALTA Language Services Inc,Cherokee,Over the Phone Interpretation,On Demand
ALTA Language Services Inc,Cherokee,Over the Phone Interpretation,Schedule in Advance
ALTA Language Services Inc,Cherokee,Over the Phone Interpretation,On Demand
ALTA Language Services Inc,Cherokee,Over the Phone Interpretation,Schedule in Advance
ALTA Language Services Inc,Chichewa,Over the Phone Interpretation,On Demand
ALTA Language Services Inc,Chichewa,Over the Phone Interpretation,Schedule in Advance
ALTA Language Services Inc,Chichewa,Over the Phone Interpretation,On Demand
ALTA Language Services Inc,Chichewa,Over the Phone Interpretation,Schedule in Advance
ALTA Language Services Inc,Chin,Over the Phone Interpretation,On Demand
ALTA Language Services Inc,Chin,Over the Phone Interpretation,Schedule in Advance
ALTA Language Services Inc,Chin,Over the Phone Interpretation,On Demand
ALTA Language Services Inc,Chin,Over the Phone Interpretation,Schedule in Advance
ALTA Language Services Inc,Chin (Falam),Over the Phone Interpretation,Schedule in Advance
ALTA Language Services Inc,Chin (Falam),Over the Phone Interpretation,On Demand
ALTA Language Services Inc,Chin (Falam),Over the Phone Interpretation,On Demand
ALTA Language Services Inc,Chin (Falam),Over the Phone Interpretation,Schedule in Advance
ALTA Language Services Inc,Chin (Falam),Over the Phone Interpretation,On Demand
ALTA Language Services Inc,Chin (Falam),Over the Phone Interpretation,Schedule in Advance
ALTA Language Services Inc,Chin (Flam),Over the Phone Interpretation,On Demand
ALTA Language Services Inc,Chin (Hakha),Over the Phone Interpretation,On Demand
ALTA Language Services Inc,Chin (Hakha),Over the Phone Interpretation,On Demand
ALTA Language Services Inc,Chin (Hakha),Over the Phone Interpretation,Schedule in Advance
ALTA Language Services Inc,Chin (Hakha),Over the Phone Interpretation,On Demand
ALTA Language Services Inc,Chin (Hakha),Over the Phone Interpretation,Schedule in Advance
ALTA Language Services Inc,Chin (Lai),Over the Phone Interpretation,On Demand
ALTA Language Services Inc,Chin (Lai),Over the Phone Interpretation,On Demand
ALTA Language Services Inc,Chin (Lai),Over the Phone Interpretation,Schedule in Advance
ALTA Language Services Inc,Chin (Lai),Over the Phone Interpretation,On Demand
ALTA Language Services Inc,Chin (Lai),Over the Phone Interpretation,Schedule in Advance
ALTA Language Services Inc,Chin (Lautu),Over the Phone Interpretation,On Demand
ALTA Language Services Inc,Chin (Lautu),Over the Phone Interpretation,Schedule in Advance
ALTA Language Services Inc,Chin (Lautu),Over the Phone Interpretation,On Demand
ALTA Language Services Inc,Chin (Lautu),Over the Phone Interpretation,On Demand
ALTA Language Services Inc,Chin (Lautu),Over the Phone Interpretation,Schedule in Advance
ALTA Language Services Inc,Chin (Mara),Over the Phone Interpretation,On Demand
ALTA Language Services Inc,Chin (Mara),Over the Phone Interpretation,Schedule in Advance
ALTA Language Services Inc,Chin (Matu),Over the Phone Interpretation,On Demand
ALTA Language Services Inc,Chin (Matu),Over the Phone Interpretation,Schedule in Advance
ALTA Language Services Inc,Chin (Matu),Over the Phone Interpretation,On Demand
ALTA Language Services Inc,Chin (Matu),Over the Phone Interpretation,Schedule in Advance
ALTA Language Services Inc,Chin (Mizo),Over the Phone Interpretation,On Demand
ALTA Language Services Inc,Chin (Mizo),Over the Phone Interpretation,On Demand
ALTA Language Services Inc,Chin (Mizo),Over the Phone Interpretation,Schedule in Advance
ALTA Language Services Inc,Chin (Mizo),Over the Phone Interpretation,On Demand
ALTA Language Services Inc,Chin (Mizo),Over the Phone Interpretation,Schedule in Advance
ALTA Language Services Inc,Chin (Tedim),Over the Phone Interpretation,Schedule in Advance
ALTA Language Services Inc,Chin (Tedim),Over the Phone Interpretation,On Demand
ALTA Language Services Inc,Chin (Tedim),Over the Phone Interpretation,On Demand
ALTA Language Services Inc,Chin (Tedim),Over the Phone Interpretation,On Demand
ALTA Language Services Inc,Chin (Tedim),Over the Phone Interpretation,Schedule in Advance
ALTA Language Services Inc,Chin (Zo),Over the Phone Interpretation,On Demand
ALTA Language Services Inc,Chin (Zo),Over the Phone Interpretation,On Demand
ALTA Language Services Inc,Chin (Zo),Over the Phone Interpretation,On Demand
ALTA Language Services Inc,Chin (Zo),Over the Phone Interpretation,On Demand
ALTA Language Services Inc,Chin (Zo),Over the Phone Interpretation,Schedule in Advance
ALTA Language Services Inc,Chin (Zomi),Over the Phone Interpretation,On Demand
ALTA Language Services Inc,Chin (Zomi),Over the Phone Interpretation,Schedule in Advance
ALTA Language Services Inc,Chin (Zomi),Over the Phone Interpretation,On Demand
ALTA Language Services Inc,Chin (Zomi),Over the Phone Interpretation,Schedule in Advance
ALTA Language Services Inc,Chin (Zophei/Zyphe),Over the Phone Interpretation,On Demand
ALTA Language Services Inc,Chin (Zophei/Zyphe),Over the Phone Interpretation,Schedule in Advance
ALTA Language Services Inc,Chin (Zophei/Zyphe),Over the Phone Interpretation,On Demand
ALTA Language Services Inc,Chin (Zophei/Zyphe),Over the Phone Interpretation,Schedule in Advance
ALTA Language Services Inc,Chinese (Fujianese),Over the Phone Interpretation,Schedule in Advance
ALTA Language Services Inc,Chinese (Fujianese),Over the Phone Interpretation,Schedule in Advance
ALTA Language Services Inc,Chinese (Fukienese),Over the Phone Interpretation,On Demand
ALTA Language Services Inc,Chinese (Fukienese),Over the Phone Interpretation,Schedule in Advance
ALTA Language Services Inc,Chinese (Fukienese),Over the Phone Interpretation,On Demand
ALTA Language Services Inc,Chinese (Fukienese),Over the Phone Interpretation,Schedule in Advance
ALTA Language Services Inc,Chinese (Fuzhounese),Over the Phone Interpretation,Schedule in Advance
ALTA Language Services Inc,Chinese (Fuzhounese),Over the Phone Interpretation,On Demand
ALTA Language Services Inc,Chinese (Fuzhounese),Over the Phone Interpretation,Schedule in Advance
ALTA Language Services Inc,Chinese (Fuzhounese),Over the Phone Interpretation,On Demand
ALTA Language Services Inc,Chinese (Fuzhounese),Over the Phone Interpretation,Schedule in Advance
ALTA Language Services Inc,Chinese (Hainanese),Over the Phone Interpretation,On Demand
ALTA Language Services Inc,Chinese (Hainanese),Over the Phone Interpretation,Schedule in Advance
ALTA Language Services Inc,Chinese (Hainanese),Over the Phone Interpretation,On Demand
ALTA Language Services Inc,Chinese (Hainanese),Over the Phone Interpretation,Schedule in Advance
ALTA Language Services Inc,Chinese (Hakka),Over the Phone Interpretation,On Demand
ALTA Language Services Inc,Chinese (Hakka),Over the Phone Interpretation,Schedule in Advance
ALTA Language Services Inc,Chinese (Hakka),Over the Phone Interpretation,On Demand
ALTA Language Services Inc,Chinese (Hakka),Over the Phone Interpretation,Schedule in Advance
ALTA Language Services Inc,Chinese (Hokkien),Over the Phone Interpretation,On Demand
ALTA Language Services Inc,Chinese (Hokkien),Over the Phone Interpretation,Schedule in Advance
ALTA Language Services Inc,Chinese (Hokkien),Over the Phone Interpretation,On Demand
ALTA Language Services Inc,Chinese (Hokkien),Over the Phone Interpretation,Schedule in Advance
ALTA Language Services Inc,Chinese (Hokkien),Over the Phone Interpretation,On Demand
ALTA Language Services Inc,Chinese (Hokkien),Over the Phone Interpretation,Schedule in Advance
ALTA Language Services Inc,Chinese (Lanyin),Over the Phone Interpretation,On Demand
ALTA Language Services Inc,Chinese (Lanyin),Over the Phone Interpretation,Schedule in Advance
ALTA Language Services Inc,Chinese (Lanyin),Over the Phone Interpretation,On Demand
ALTA Language Services Inc,Chinese (Lanyin),Over the Phone Interpretation,Schedule in Advance
ALTA Language Services Inc,Chinese (Toisanese),Over the Phone Interpretation,On Demand
ALTA Language Services Inc,Chinese (Toisanese),Over the Phone Interpretation,Schedule in Advance
ALTA Language Services Inc,Chinese (Toisanese),Over the Phone Interpretation,On Demand
ALTA Language Services Inc,Chinese (Toisanese),Over the Phone Interpretation,Schedule in Advance
ALTA Language Services Inc,Choujo,Over the Phone Interpretation,Schedule in Advance
ALTA Language Services Inc,Choujo,Over the Phone Interpretation,On Demand
ALTA Language Services Inc,Choujo,Over the Phone Interpretation,On Demand
ALTA Language Services Inc,Choujo,Over the Phone Interpretation,Schedule in Advance
ALTA Language Services Inc,Chuj,Over the Phone Interpretation,Schedule in Advance
ALTA Language Services Inc,Chuj,Over the Phone Interpretation,On Demand
ALTA Language Services Inc,Chuj,Over the Phone Interpretation,On Demand
ALTA Language Services Inc,Chuj,Over the Phone Interpretation,Schedule in Advance
ALTA Language Services Inc,Chuukese,Over the Phone Interpretation,On Demand
ALTA Language Services Inc,Chuukese,Over the Phone Interpretation,Schedule in Advance
ALTA Language Services Inc,Chuukese,Over the Phone Interpretation,On Demand
ALTA Language Services Inc,Chuukese,Over the Phone Interpretation,Schedule in Advance
ALTA Language Services Inc,Cotocoli,Over the Phone Interpretation,Schedule in Advance
ALTA Language Services Inc,Cotocoli,Over the Phone Interpretation,On Demand
ALTA Language Services Inc,Cotocoli,Over the Phone Interpretation,On Demand
ALTA Language Services Inc,Cotocoli,Over the Phone Interpretation,Schedule in Advance
ALTA Language Services Inc,Creole,Over the Phone Interpretation,On Demand
ALTA Language Services Inc,Creole,Over the Phone Interpretation,Schedule in Advance
ALTA Language Services Inc,Creole,Over the Phone Interpretation,On Demand
ALTA Language Services Inc,Creole,Over the Phone Interpretation,Schedule in Advance
ALTA Language Services Inc,Cupik,Over the Phone Interpretation,Schedule in Advance
ALTA Language Services Inc,Cupik,Over the Phone Interpretation,On Demand
ALTA Language Services Inc,Cupik,Over the Phone Interpretation,On Demand
ALTA Language Services Inc,Cupik,Over the Phone Interpretation,Schedule in Advance
ALTA Language Services Inc,Danish,Over the Phone Interpretation,On Demand
ALTA Language Services Inc,Danish,Over the Phone Interpretation,Schedule in Advance
ALTA Language Services Inc,Danish,Over the Phone Interpretation,On Demand
ALTA Language Services Inc,Danish,Over the Phone Interpretation,Schedule in Advance
ALTA Language Services Inc,Dinka,Over the Phone Interpretation,On Demand
ALTA Language Services Inc,Dinka,Over the Phone Interpretation,Schedule in Advance
ALTA Language Services Inc,Dinka,Over the Phone Interpretation,On Demand
ALTA Language Services Inc,Dinka,Over the Phone Interpretation,Schedule in Advance
ALTA Language Services Inc,Dioula (Dyula),Over the Phone Interpretation,Schedule in Advance
ALTA Language Services Inc,Dioula (Dyula),Over the Phone Interpretation,On Demand
ALTA Language Services Inc,Dioula (Dyula),Over the Phone Interpretation,On Demand
ALTA Language Services Inc,Dioula (Dyula),Over the Phone Interpretation,Schedule in Advance
ALTA Language Services Inc,Edo,Over the Phone Interpretation,Schedule in Advance
ALTA Language Services Inc,Edo,Over the Phone Interpretation,On Demand
ALTA Language Services Inc,Edo,Over the Phone Interpretation,On Demand
ALTA Language Services Inc,Edo,Over the Phone Interpretation,Schedule in Advance
ALTA Language Services Inc,Esparanto,Over the Phone Interpretation,On Demand
ALTA Language Services Inc,Esparanto,Over the Phone Interpretation,Schedule in Advance
ALTA Language Services Inc,Esparanto,Over the Phone Interpretation,On Demand
ALTA Language Services Inc,Esparanto,Over the Phone Interpretation,Schedule in Advance
ALTA Language Services Inc,Estonian,Over the Phone Interpretation,Schedule in Advance
ALTA Language Services Inc,Estonian,Over the Phone Interpretation,On Demand
ALTA Language Services Inc,Estonian,Over the Phone Interpretation,On Demand
ALTA Language Services Inc,Estonian,Over the Phone Interpretation,Schedule in Advance
ALTA Language Services Inc,Ewe,Over the Phone Interpretation,Schedule in Advance
ALTA Language Services Inc,Ewe,Over the Phone Interpretation,On Demand
ALTA Language Services Inc,Ewe,Over the Phone Interpretation,Schedule in Advance
ALTA Language Services Inc,Ewe,Over the Phone Interpretation,On Demand
ALTA Language Services Inc,Ewe,Over the Phone Interpretation,Schedule in Advance
ALTA Language Services Inc,Fanti,Over the Phone Interpretation,On Demand
ALTA Language Services Inc,Fanti,Over the Phone Interpretation,Schedule in Advance
ALTA Language Services Inc,Fanti,Over the Phone Interpretation,On Demand
ALTA Language Services Inc,Fanti,Over the Phone Interpretation,Schedule in Advance
ALTA Language Services Inc,Farsi,Over the Phone Interpretation,Schedule in Advance
ALTA Language Services Inc,Farsi,Over the Phone Interpretation,On Demand
ALTA Language Services Inc,Farsi,Over the Phone Interpretation,On Demand
ALTA Language Services Inc,Farsi,Over the Phone Interpretation,Schedule in Advance
ALTA Language Services Inc,Farsi (Persian),Over the Phone Interpretation,On Demand
ALTA Language Services Inc,Farsi (Persian),Over the Phone Interpretation,On Demand
ALTA Language Services Inc,Farsi (Persian),Over the Phone Interpretation,Schedule in Advance
ALTA Language Services Inc,Farsi (Persian),Video Remote Interpretation,On Demand
ALTA Language Services Inc,Farsi (Persian),Video Remote Interpretation,On Demand
ALTA Language Services Inc,Filipino,Over the Phone Interpretation,On Demand
ALTA Language Services Inc,Filipino,Over the Phone Interpretation,Schedule in Advance
ALTA Language Services Inc,Filipino,Over the Phone Interpretation,On Demand
ALTA Language Services Inc,Filipino,Over the Phone Interpretation,Schedule in Advance
ALTA Language Services Inc,Finnish,Over the Phone Interpretation,On Demand
ALTA Language Services Inc,Finnish,Over the Phone Interpretation,Schedule in Advance
ALTA Language Services Inc,Finnish,Over the Phone Interpretation,On Demand
ALTA Language Services Inc,Finnish,Over the Phone Interpretation,Schedule in Advance
ALTA Language Services Inc,Flemish,Over the Phone Interpretation,Schedule in Advance
ALTA Language Services Inc,Flemish,Over the Phone Interpretation,On Demand
ALTA Language Services Inc,Flemish,Over the Phone Interpretation,On Demand
ALTA Language Services Inc,Flemish,Over the Phone Interpretation,Schedule in Advance
ALTA Language Services Inc,Fon,Over the Phone Interpretation,On Demand
ALTA Language Services Inc,Fon,Over the Phone Interpretation,Schedule in Advance
ALTA Language Services Inc,Fon,Over the Phone Interpretation,On Demand
ALTA Language Services Inc,Fon,Over the Phone Interpretation,Schedule in Advance
ALTA Language Services Inc,French Creole,Over the Phone Interpretation,On Demand
ALTA Language Services Inc,French Creole,Over the Phone Interpretation,Schedule in Advance
ALTA Language Services Inc,French Creole,Over the Phone Interpretation,On Demand
ALTA Language Services Inc,French Creole,Over the Phone Interpretation,Schedule in Advance
ALTA Language Services Inc,Fulani (Fula),Over the Phone Interpretation,Schedule in Advance
ALTA Language Services Inc,Fulani (Fula),Over the Phone Interpretation,Schedule in Advance
ALTA Language Services Inc,Fulani (Fula),Over the Phone Interpretation,On Demand
ALTA Language Services Inc,Fulani (Fula),Over the Phone Interpretation,On Demand
ALTA Language Services Inc,Fulani (Fula),Over the Phone Interpretation,Schedule in Advance
ALTA Language Services Inc,Fur,Over the Phone Interpretation,Schedule in Advance
ALTA Language Services Inc,Fur,Over the Phone Interpretation,On Demand
ALTA Language Services Inc,Fur,Over the Phone Interpretation,On Demand
ALTA Language Services Inc,Fur,Over the Phone Interpretation,Schedule in Advance
ALTA Language Services Inc,Ga,Over the Phone Interpretation,On Demand
ALTA Language Services Inc,Ga,Over the Phone Interpretation,Schedule in Advance
ALTA Language Services Inc,Ga,Over the Phone Interpretation,On Demand
ALTA Language Services Inc,Ga,Over the Phone Interpretation,Schedule in Advance
ALTA Language Services Inc,Ganda,Over the Phone Interpretation,Schedule in Advance
ALTA Language Services Inc,Ganda,Over the Phone Interpretation,On Demand
ALTA Language Services Inc,Ganda,Over the Phone Interpretation,On Demand
ALTA Language Services Inc,Ganda,Over the Phone Interpretation,Schedule in Advance
ALTA Language Services Inc,Garre,Over the Phone Interpretation,Schedule in Advance
ALTA Language Services Inc,Garre,Over the Phone Interpretation,On Demand
ALTA Language Services Inc,Garre,Over the Phone Interpretation,On Demand
ALTA Language Services Inc,Garre,Over the Phone Interpretation,Schedule in Advance
ALTA Language Services Inc,Georgian,Over the Phone Interpretation,On Demand
ALTA Language Services Inc,Georgian,Over the Phone Interpretation,Schedule in Advance
ALTA Language Services Inc,Georgian,Over the Phone Interpretation,On Demand
ALTA Language Services Inc,Georgian,Over the Phone Interpretation,Schedule in Advance
ALTA Language Services Inc,Gheg,Over the Phone Interpretation,On Demand
ALTA Language Services Inc,Gheg,Over the Phone Interpretation,Schedule in Advance
ALTA Language Services Inc,Gheg,Over the Phone Interpretation,On Demand
ALTA Language Services Inc,Gheg,Over the Phone Interpretation,Schedule in Advance
ALTA Language Services Inc,Goya,Over the Phone Interpretation,On Demand
ALTA Language Services Inc,Goya,Over the Phone Interpretation,Schedule in Advance
ALTA Language Services Inc,Goya,Over the Phone Interpretation,On Demand
ALTA Language Services Inc,Goya,Over the Phone Interpretation,Schedule in Advance
ALTA Language Services Inc,Guarani,Over the Phone Interpretation,On Demand
ALTA Language Services Inc,Guarani,Over the Phone Interpretation,Schedule in Advance
ALTA Language Services Inc,Guarani,Over the Phone Interpretation,On Demand
ALTA Language Services Inc,Guarani,Over the Phone Interpretation,Schedule in Advance
ALTA Language Services Inc,Guere,Over the Phone Interpretation,Schedule in Advance
ALTA Language Services Inc,Guere,Over the Phone Interpretation,On Demand
ALTA Language Services Inc,Guere,Over the Phone Interpretation,On Demand
ALTA Language Services Inc,Guere,Over the Phone Interpretation,Schedule in Advance
ALTA Language Services Inc,Guinea-Bissau,Over the Phone Interpretation,Schedule in Advance
ALTA Language Services Inc,Guinea-Bissau,Over the Phone Interpretation,On Demand
ALTA Language Services Inc,Guinea-Bissau,Over the Phone Interpretation,On Demand
ALTA Language Services Inc,Guinea-Bissau,Over the Phone Interpretation,Schedule in Advance
ALTA Language Services Inc,Guinea-Bissau Creole,Over the Phone Interpretation,On Demand
ALTA Language Services Inc,Guinea-Bissau Creole,Over the Phone Interpretation,On Demand
ALTA Language Services Inc,Gujarati,Over the Phone Interpretation,Schedule in Advance
ALTA Language Services Inc,Gujarati,Over the Phone Interpretation,On Demand
ALTA Language Services Inc,Gujarati,Over the Phone Interpretation,On Demand
ALTA Language Services Inc,Gujarati,Over the Phone Interpretation,Schedule in Advance
ALTA Language Services Inc,Gusii (Ekegusii),Over the Phone Interpretation,Schedule in Advance
ALTA Language Services Inc,Gusii (Ekegusii),Over the Phone Interpretation,On Demand
ALTA Language Services Inc,Gusii (Ekegusii),Over the Phone Interpretation,On Demand
ALTA Language Services Inc,Gusii (Ekegusii),Over the Phone Interpretation,Schedule in Advance
ALTA Language Services Inc,Harari,Over the Phone Interpretation,On Demand
ALTA Language Services Inc,Harari,Over the Phone Interpretation,Schedule in Advance
ALTA Language Services Inc,Harari,Over the Phone Interpretation,On Demand
ALTA Language Services Inc,Harari,Over the Phone Interpretation,Schedule in Advance
ALTA Language Services Inc,Hausa,Over the Phone Interpretation,On Demand
ALTA Language Services Inc,Hausa,Over the Phone Interpretation,Schedule in Advance
ALTA Language Services Inc,Hausa,Over the Phone Interpretation,On Demand
ALTA Language Services Inc,Hausa,Over the Phone Interpretation,Schedule in Advance
ALTA Language Services Inc,Hazaragi,Over the Phone Interpretation,On Demand
ALTA Language Services Inc,Hazaragi,Over the Phone Interpretation,Schedule in Advance
ALTA Language Services Inc,Hazaragi,Over the Phone Interpretation,On Demand
ALTA Language Services Inc,Hazaragi,Over the Phone Interpretation,Schedule in Advance
ALTA Language Services Inc,Hebrew,Over the Phone Interpretation,On Demand
ALTA Language Services Inc,Hebrew,Over the Phone Interpretation,Schedule in Advance
ALTA Language Services Inc,Hebrew,Over the Phone Interpretation,On Demand
ALTA Language Services Inc,Hebrew,Over the Phone Interpretation,Schedule in Advance
ALTA Language Services Inc,Hina,Over the Phone Interpretation,Schedule in Advance
ALTA Language Services Inc,Hina,Over the Phone Interpretation,On Demand
ALTA Language Services Inc,Hina,Over the Phone Interpretation,On Demand
ALTA Language Services Inc,Hina,Over the Phone Interpretation,Schedule in Advance
ALTA Language Services Inc,Hindko,Over the Phone Interpretation,On Demand
ALTA Language Services Inc,Hindko,Over the Phone Interpretation,Schedule in Advance
ALTA Language Services Inc,Hindko,Over the Phone Interpretation,On Demand
ALTA Language Services Inc,Hindko,Over the Phone Interpretation,Schedule in Advance
ALTA Language Services Inc,Hmong,Over the Phone Interpretation,On Demand
ALTA Language Services Inc,Hmong,Over the Phone Interpretation,Schedule in Advance
ALTA Language Services Inc,Hmong,Over the Phone Interpretation,On Demand
ALTA Language Services Inc,Hmong,Over the Phone Interpretation,Schedule in Advance
ALTA Language Services Inc,Hunan,Over the Phone Interpretation,On Demand
ALTA Language Services Inc,Hunan,Over the Phone Interpretation,Schedule in Advance
ALTA Language Services Inc,Hunan,Over the Phone Interpretation,On Demand
ALTA Language Services Inc,Hunan,Over the Phone Interpretation,Schedule in Advance
ALTA Language Services Inc,Hungarian,Over the Phone Interpretation,On Demand
ALTA Language Services Inc,Hungarian,Over the Phone Interpretation,Schedule in Advance
ALTA Language Services Inc,Hungarian,Over the Phone Interpretation,Schedule in Advance
ALTA Language Services Inc,Hungarian,Over the Phone Interpretation,On Demand
ALTA Language Services Inc,Hungarian,Over the Phone Interpretation,Schedule in Advance
ALTA Language Services Inc,Ibanag,Over the Phone Interpretation,On Demand
ALTA Language Services Inc,Ibanag,Over the Phone Interpretation,Schedule in Advance
ALTA Language Services Inc,Ibanag,Over the Phone Interpretation,On Demand
ALTA Language Services Inc,Ibanag,Over the Phone Interpretation,On Demand
ALTA Language Services Inc,Ibanag,Over the Phone Interpretation,Schedule in Advance
ALTA Language Services Inc,Ibo,Over the Phone Interpretation,Schedule in Advance
ALTA Language Services Inc,Ibo,Over the Phone Interpretation,On Demand
ALTA Language Services Inc,Ibo,Over the Phone Interpretation,On Demand
ALTA Language Services Inc,Ibo,Over the Phone Interpretation,Schedule in Advance
ALTA Language Services Inc,Icelandic,Over the Phone Interpretation,Schedule in Advance
ALTA Language Services Inc,Icelandic,Over the Phone Interpretation,On Demand
ALTA Language Services Inc,Icelandic,Over the Phone Interpretation,On Demand
ALTA Language Services Inc,Icelandic,Over the Phone Interpretation,Schedule in Advance
ALTA Language Services Inc,Igbo,Over the Phone Interpretation,Schedule in Advance
ALTA Language Services Inc,Igbo,Over the Phone Interpretation,On Demand
ALTA Language Services Inc,Igbo,Over the Phone Interpretation,On Demand
ALTA Language Services Inc,Igbo,Over the Phone Interpretation,Schedule in Advance
ALTA Language Services Inc,Ilocano (Iloko),Over the Phone Interpretation,Schedule in Advance
ALTA Language Services Inc,Ilocano (Iloko),Over the Phone Interpretation,On Demand
ALTA Language Services Inc,Ilocano (Iloko),Over the Phone Interpretation,On Demand
ALTA Language Services Inc,Ilocano (Iloko),Over the Phone Interpretation,Schedule in Advance
ALTA Language Services Inc,Ilonggo (Hiligaynon),Over the Phone Interpretation,Schedule in Advance
ALTA Language Services Inc,Ilonggo (Hiligaynon),Over the Phone Interpretation,On Demand
ALTA Language Services Inc,Ilonggo (Hiligaynon),Over the Phone Interpretation,On Demand
ALTA Language Services Inc,Ilonggo (Hiligaynon),Over the Phone Interpretation,Schedule in Advance
ALTA Language Services Inc,Inabu,Over the Phone Interpretation,On Demand
ALTA Language Services Inc,Inabu,Over the Phone Interpretation,Schedule in Advance
ALTA Language Services Inc,Inabu,Over the Phone Interpretation,On Demand
ALTA Language Services Inc,Inabu,Over the Phone Interpretation,Schedule in Advance
ALTA Language Services Inc,Indonesian,Over the Phone Interpretation,On Demand
ALTA Language Services Inc,Indonesian,Over the Phone Interpretation,Schedule in Advance
ALTA Language Services Inc,Indonesian,Over the Phone Interpretation,On Demand
ALTA Language Services Inc,Indonesian,Over the Phone Interpretation,Schedule in Advance
ALTA Language Services Inc,Ixil,Over the Phone Interpretation,Schedule in Advance
ALTA Language Services Inc,Ixil,Over the Phone Interpretation,On Demand
ALTA Language Services Inc,Ixil,Over the Phone Interpretation,On Demand
ALTA Language Services Inc,Ixil,Over the Phone Interpretation,Schedule in Advance
ALTA Language Services Inc,Jamaican,Over the Phone Interpretation,On Demand
ALTA Language Services Inc,Jamaican,Over the Phone Interpretation,Schedule in Advance
ALTA Language Services Inc,Jamaican,Over the Phone Interpretation,On Demand
ALTA Language Services Inc,Jamaican,Over the Phone Interpretation,Schedule in Advance
ALTA Language Services Inc,Jamaican Creole,Over the Phone Interpretation,Schedule in Advance
ALTA Language Services Inc,Jamaican Creole,Over the Phone Interpretation,On Demand
ALTA Language Services Inc,Jamaican Creole,Over the Phone Interpretation,On Demand
ALTA Language Services Inc,Jamaican Creole,Over the Phone Interpretation,Schedule in Advance
ALTA Language Services Inc,Jarai,Over the Phone Interpretation,Schedule in Advance
ALTA Language Services Inc,Jarai,Over the Phone Interpretation,On Demand
ALTA Language Services Inc,Jarai,Over the Phone Interpretation,On Demand
ALTA Language Services Inc,Jarai,Over the Phone Interpretation,Schedule in Advance
ALTA Language Services Inc,Javanese,Over the Phone Interpretation,On Demand
ALTA Language Services Inc,Javanese,Over the Phone Interpretation,Schedule in Advance
ALTA Language Services Inc,Javanese,Over the Phone Interpretation,On Demand
ALTA Language Services Inc,Javanese,Over the Phone Interpretation,Schedule in Advance
ALTA Language Services Inc,Jula,Over the Phone Interpretation,Schedule in Advance
ALTA Language Services Inc,Jula,Over the Phone Interpretation,On Demand
ALTA Language Services Inc,Jula,Over the Phone Interpretation,On Demand
ALTA Language Services Inc,Jula,Over the Phone Interpretation,Schedule in Advance
ALTA Language Services Inc,Kabiye,Over the Phone Interpretation,Schedule in Advance
ALTA Language Services Inc,Kabiye,Over the Phone Interpretation,On Demand
ALTA Language Services Inc,Kabiye,Over the Phone Interpretation,On Demand
ALTA Language Services Inc,Kabiye,Over the Phone Interpretation,Schedule in Advance
ALTA Language Services Inc,Kachin,Over the Phone Interpretation,Schedule in Advance
ALTA Language Services Inc,Kachin,Over the Phone Interpretation,On Demand
ALTA Language Services Inc,Kachin,Over the Phone Interpretation,On Demand
ALTA Language Services Inc,Kachin,Over the Phone Interpretation,Schedule in Advance
ALTA Language Services Inc,Kamba,Over the Phone Interpretation,On Demand
ALTA Language Services Inc,Kamba,Over the Phone Interpretation,Schedule in Advance
ALTA Language Services Inc,Kamba,Over the Phone Interpretation,On Demand
ALTA Language Services Inc,Kamba,Over the Phone Interpretation,Schedule in Advance
ALTA Language Services Inc,Kandahari,Over the Phone Interpretation,On Demand
ALTA Language Services Inc,Kandahari,Over the Phone Interpretation,Schedule in Advance
ALTA Language Services Inc,Kandahari,Over the Phone Interpretation,On Demand
ALTA Language Services Inc,Kandahari,Over the Phone Interpretation,Schedule in Advance
ALTA Language Services Inc,Kanjobal (Q’anjob’al),Over the Phone Interpretation,On Demand
ALTA Language Services Inc,Kanjobal (Q’anjob’al),Over the Phone Interpretation,Schedule in Advance
ALTA Language Services Inc,Kanjobal (Q’anjob’al),Over the Phone Interpretation,On Demand
ALTA Language Services Inc,Kanjobal (Q’anjob’al),Over the Phone Interpretation,Schedule in Advance
ALTA Language Services Inc,Kannada,Over the Phone Interpretation,Schedule in Advance
ALTA Language Services Inc,Kannada,Over the Phone Interpretation,On Demand
ALTA Language Services Inc,Kannada,Over the Phone Interpretation,On Demand
ALTA Language Services Inc,Kannada,Over the Phone Interpretation,Schedule in Advance
ALTA Language Services Inc,Kapampangan,Over the Phone Interpretation,On Demand
ALTA Language Services Inc,Kapampangan,Over the Phone Interpretation,Schedule in Advance
ALTA Language Services Inc,Kapampangan,Over the Phone Interpretation,On Demand
ALTA Language Services Inc,Kapampangan,Over the Phone Interpretation,Schedule in Advance
ALTA Language Services Inc,Kaqchikel,Over the Phone Interpretation,On Demand
ALTA Language Services Inc,Kaqchikel,Over the Phone Interpretation,Schedule in Advance
ALTA Language Services Inc,Kaqchikel,Over the Phone Interpretation,On Demand
ALTA Language Services Inc,Kaqchikel,Over the Phone Interpretation,Schedule in Advance
ALTA Language Services Inc,Karen,Over the Phone Interpretation,On Demand
ALTA Language Services Inc,Karen,Over the Phone Interpretation,Schedule in Advance
ALTA Language Services Inc,Karen,Over the Phone Interpretation,On Demand
ALTA Language Services Inc,Karen,Over the Phone Interpretation,On Demand
ALTA Language Services Inc,Karen,Over the Phone Interpretation,Schedule in Advance
ALTA Language Services Inc,Karen,Video Remote Interpretation,Schedule in Advance
ALTA Language Services Inc,Karen,Video Remote Interpretation,Schedule in Advance
ALTA Language Services Inc,Karenni,Over the Phone Interpretation,On Demand
ALTA Language Services Inc,Karenni,Over the Phone Interpretation,Schedule in Advance
ALTA Language Services Inc,Karenni,Over the Phone Interpretation,On Demand
ALTA Language Services Inc,Karenni,Over the Phone Interpretation,Schedule in Advance
ALTA Language Services Inc,Kayah,Over the Phone Interpretation,On Demand
ALTA Language Services Inc,Kayah,Over the Phone Interpretation,Schedule in Advance
ALTA Language Services Inc,Kayah,Over the Phone Interpretation,On Demand
ALTA Language Services Inc,Kayah,Over the Phone Interpretation,Schedule in Advance
ALTA Language Services Inc,Kazak,Over the Phone Interpretation,Schedule in Advance
ALTA Language Services Inc,Kazak,Over the Phone Interpretation,On Demand
ALTA Language Services Inc,Kazak,Over the Phone Interpretation,On Demand
ALTA Language Services Inc,Kazak,Over the Phone Interpretation,Schedule in Advance
ALTA Language Services Inc,Kazakh,Over the Phone Interpretation,Schedule in Advance
ALTA Language Services Inc,Kazakh,Over the Phone Interpretation,On Demand
ALTA Language Services Inc,Kazakh,Over the Phone Interpretation,On Demand
ALTA Language Services Inc,Kazakh,Over the Phone Interpretation,Schedule in Advance
ALTA Language Services Inc,Kejia,Over the Phone Interpretation,Schedule in Advance
ALTA Language Services Inc,Kejia,Over the Phone Interpretation,On Demand
ALTA Language Services Inc,Kejia,Over the Phone Interpretation,On Demand
ALTA Language Services Inc,Kejia,Over the Phone Interpretation,On Demand
ALTA Language Services Inc,Kejia,Over the Phone Interpretation,Schedule in Advance
ALTA Language Services Inc,Khmer,Over the Phone Interpretation,Schedule in Advance
ALTA Language Services Inc,Khmer,Over the Phone Interpretation,On Demand
ALTA Language Services Inc,Khmer,Over the Phone Interpretation,On Demand
ALTA Language Services Inc,Khmer,Over the Phone Interpretation,Schedule in Advance
ALTA Language Services Inc,Kikuyu (Gikuyu),Over the Phone Interpretation,Schedule in Advance
ALTA Language Services Inc,Kikuyu (Gikuyu),Over the Phone Interpretation,On Demand
ALTA Language Services Inc,Kikuyu (Gikuyu),Over the Phone Interpretation,On Demand
ALTA Language Services Inc,Kikuyu (Gikuyu),Over the Phone Interpretation,Schedule in Advance
ALTA Language Services Inc,Kinyarwanda (Kinyamulenge),Over the Phone Interpretation,Schedule in Advance
ALTA Language Services Inc,Kinyarwanda (Kinyamulenge),Over the Phone Interpretation,On Demand
ALTA Language Services Inc,Kinyarwanda (Kinyamulenge),Over the Phone Interpretation,On Demand
ALTA Language Services Inc,Kinyarwanda (Kinyamulenge),Over the Phone Interpretation,Schedule in Advance
ALTA Language Services Inc,Kirghiz,Over the Phone Interpretation,On Demand
ALTA Language Services Inc,Kirghiz,Over the Phone Interpretation,Schedule in Advance
ALTA Language Services Inc,Kirghiz,Over the Phone Interpretation,On Demand
ALTA Language Services Inc,Kirghiz,Over the Phone Interpretation,Schedule in Advance
ALTA Language Services Inc,Kirundi,Over the Phone Interpretation,Schedule in Advance
ALTA Language Services Inc,Kirundi,Over the Phone Interpretation,On Demand
ALTA Language Services Inc,Kirundi,Over the Phone Interpretation,Schedule in Advance
ALTA Language Services Inc,Kirundi,Over the Phone Interpretation,On Demand
ALTA Language Services Inc,Kirundi,Over the Phone Interpretation,Schedule in Advance
ALTA Language Services Inc,Kirundi,Video Remote Interpretation,Schedule in Advance
ALTA Language Services Inc,Kirundi,Video Remote Interpretation,Schedule in Advance
ALTA Language Services Inc,Kisii,Over the Phone Interpretation,Schedule in Advance
ALTA Language Services Inc,Kisii,Over the Phone Interpretation,On Demand
ALTA Language Services Inc,Kisii,Over the Phone Interpretation,On Demand
ALTA Language Services Inc,Kisii,Over the Phone Interpretation,Schedule in Advance
ALTA Language Services Inc,Kiswahili,Over the Phone Interpretation,On Demand
ALTA Language Services Inc,Kiswahili,Over the Phone Interpretation,Schedule in Advance
ALTA Language Services Inc,Kiswahili,Over the Phone Interpretation,On Demand
ALTA Language Services Inc,Kiswahili,Over the Phone Interpretation,Schedule in Advance
ALTA Language Services Inc,Kituba,Over the Phone Interpretation,Schedule in Advance
ALTA Language Services Inc,Kituba,Over the Phone Interpretation,On Demand
ALTA Language Services Inc,Kituba,Over the Phone Interpretation,On Demand
ALTA Language Services Inc,Kituba,Over the Phone Interpretation,Schedule in Advance
ALTA Language Services Inc,Kizigua,Over the Phone Interpretation,Schedule in Advance
ALTA Language Services Inc,Kizigua,Over the Phone Interpretation,On Demand
ALTA Language Services Inc,Kizigua,Over the Phone Interpretation,On Demand
ALTA Language Services Inc,Kizigua,Over the Phone Interpretation,Schedule in Advance
ALTA Language Services Inc,Kongo (Kikongo),Over the Phone Interpretation,Schedule in Advance
ALTA Language Services Inc,Kongo (Kikongo),Over the Phone Interpretation,On Demand
ALTA Language Services Inc,Kongo (Kikongo),Over the Phone Interpretation,On Demand
ALTA Language Services Inc,Kongo (Kikongo),Over the Phone Interpretation,Schedule in Advance
ALTA Language Services Inc,Konkani,Over the Phone Interpretation,Schedule in Advance
ALTA Language Services Inc,Konkani,Over the Phone Interpretation,On Demand
ALTA Language Services Inc,Konkani,Over the Phone Interpretation,On Demand
ALTA Language Services Inc,Konkani,Over the Phone Interpretation,Schedule in Advance
ALTA Language Services Inc,Kosraean,Over the Phone Interpretation,On Demand
ALTA Language Services Inc,Kosraean,Over the Phone Interpretation,Schedule in Advance
ALTA Language Services Inc,Kosraean,Over the Phone Interpretation,On Demand
ALTA Language Services Inc,Kosraean,Over the Phone Interpretation,Schedule in Advance
ALTA Language Services Inc,Kotokoli,Over the Phone Interpretation,Schedule in Advance
ALTA Language Services Inc,Kotokoli,Over the Phone Interpretation,On Demand
ALTA Language Services Inc,Kotokoli,Over the Phone Interpretation,On Demand
ALTA Language Services Inc,Kotokoli,Over the Phone Interpretation,Schedule in Advance
ALTA Language Services Inc,Kpelle,Over the Phone Interpretation,Schedule in Advance
ALTA Language Services Inc,Kpelle,Over the Phone Interpretation,On Demand
ALTA Language Services Inc,Kpelle,Over the Phone Interpretation,On Demand
ALTA Language Services Inc,Kpelle,Over the Phone Interpretation,Schedule in Advance
ALTA Language Services Inc,Krahn,Over the Phone Interpretation,Schedule in Advance
ALTA Language Services Inc,Krahn,Over the Phone Interpretation,On Demand
ALTA Language Services Inc,Krahn,Over the Phone Interpretation,On Demand
ALTA Language Services Inc,Krahn,Over the Phone Interpretation,Schedule in Advance
ALTA Language Services Inc,Krio,Over the Phone Interpretation,On Demand
ALTA Language Services Inc,Krio,Over the Phone Interpretation,On Demand
ALTA Language Services Inc,Krio,Over the Phone Interpretation,Schedule in Advance
ALTA Language Services Inc,Krio,Over the Phone Interpretation,On Demand
ALTA Language Services Inc,Krio,Over the Phone Interpretation,Schedule in Advance
ALTA Language Services Inc,Kunama,Over the Phone Interpretation,Schedule in Advance
ALTA Language Services Inc,Kunama,Over the Phone Interpretation,On Demand
ALTA Language Services Inc,Kunama,Over the Phone Interpretation,On Demand
ALTA Language Services Inc,Kunama,Over the Phone Interpretation,Schedule in Advance
ALTA Language Services Inc,Kurdish,Over the Phone Interpretation,Schedule in Advance
ALTA Language Services Inc,Kurdish,Over the Phone Interpretation,On Demand
ALTA Language Services Inc,Kurdish,Over the Phone Interpretation,On Demand
ALTA Language Services Inc,Kurdish,Over the Phone Interpretation,Schedule in Advance
ALTA Language Services Inc,Kurdish (Badini),Over the Phone Interpretation,On Demand
ALTA Language Services Inc,Kurdish (Badini),Over the Phone Interpretation,Schedule in Advance
ALTA Language Services Inc,Kurdish (Badini),Over the Phone Interpretation,On Demand
ALTA Language Services Inc,Kurdish (Badini),Over the Phone Interpretation,Schedule in Advance
ALTA Language Services Inc,Kurdish (Kurmanji),Over the Phone Interpretation,Schedule in Advance
ALTA Language Services Inc,Kurdish (Kurmanji),Over the Phone Interpretation,On Demand
ALTA Language Services Inc,Kurdish (Kurmanji),Over the Phone Interpretation,On Demand
ALTA Language Services Inc,Kurdish (Kurmanji),Over the Phone Interpretation,Schedule in Advance
ALTA Language Services Inc,Kurdish (Sorani),Over the Phone Interpretation,On Demand
ALTA Language Services Inc,Kurdish (Sorani),Over the Phone Interpretation,Schedule in Advance
ALTA Language Services Inc,Kurdish (Sorani),Over the Phone Interpretation,On Demand
ALTA Language Services Inc,Kurdish (Sorani),Over the Phone Interpretation,Schedule in Advance
ALTA Language Services Inc,Kyrgyz,Over the Phone Interpretation,Schedule in Advance
ALTA Language Services Inc,Kyrgyz,Over the Phone Interpretation,On Demand
ALTA Language Services Inc,Kyrgyz,Over the Phone Interpretation,On Demand
ALTA Language Services Inc,Kyrgyz,Over the Phone Interpretation,Schedule in Advance
ALTA Language Services Inc,Lanzhou,Over the Phone Interpretation,On Demand
ALTA Language Services Inc,Lanzhou,Over the Phone Interpretation,Schedule in Advance
ALTA Language Services Inc,Lanzhou,Over the Phone Interpretation,On Demand
ALTA Language Services Inc,Lanzhou,Over the Phone Interpretation,Schedule in Advance
ALTA Language Services Inc,Lao,Over the Phone Interpretation,On Demand
ALTA Language Services Inc,Lao,Over the Phone Interpretation,On Demand
ALTA Language Services Inc,Lao (Laotian),Over the Phone Interpretation,Schedule in Advance
ALTA Language Services Inc,Lao (Laotian),Over the Phone Interpretation,On Demand
ALTA Language Services Inc,Lao (Laotian),Over the Phone Interpretation,On Demand
ALTA Language Services Inc,Lao (Laotian),Over the Phone Interpretation,Schedule in Advance
ALTA Language Services Inc,Latvian,Over the Phone Interpretation,Schedule in Advance
ALTA Language Services Inc,Latvian,Over the Phone Interpretation,On Demand
ALTA Language Services Inc,Latvian,Over the Phone Interpretation,Schedule in Advance
ALTA Language Services Inc,Latvian,Over the Phone Interpretation,On Demand
ALTA Language Services Inc,Latvian,Over the Phone Interpretation,Schedule in Advance
ALTA Language Services Inc,Lian,Over the Phone Interpretation,On Demand
ALTA Language Services Inc,Lian,Over the Phone Interpretation,Schedule in Advance
ALTA Language Services Inc,Lian,Over the Phone Interpretation,On Demand
ALTA Language Services Inc,Lian,Over the Phone Interpretation,Schedule in Advance
ALTA Language Services Inc,Lingala,Over the Phone Interpretation,On Demand
ALTA Language Services Inc,Lingala,Over the Phone Interpretation,Schedule in Advance
ALTA Language Services Inc,Lingala,Over the Phone Interpretation,On Demand
ALTA Language Services Inc,Lingala,Over the Phone Interpretation,Schedule in Advance
ALTA Language Services Inc,Lorma (Loma),Over the Phone Interpretation,On Demand
ALTA Language Services Inc,Lorma (Loma),Over the Phone Interpretation,Schedule in Advance
ALTA Language Services Inc,Lorma (Loma),Over the Phone Interpretation,On Demand
ALTA Language Services Inc,Lorma (Loma),Over the Phone Interpretation,Schedule in Advance
ALTA Language Services Inc,Luganda,Over the Phone Interpretation,Schedule in Advance
ALTA Language Services Inc,Luganda,Over the Phone Interpretation,On Demand
ALTA Language Services Inc,Luganda,Over the Phone Interpretation,On Demand
ALTA Language Services Inc,Luganda,Over the Phone Interpretation,Schedule in Advance
ALTA Language Services Inc,Luhya,Over the Phone Interpretation,On Demand
ALTA Language Services Inc,Luhya,Over the Phone Interpretation,Schedule in Advance
ALTA Language Services Inc,Luhya,Over the Phone Interpretation,On Demand
ALTA Language Services Inc,Luhya,Over the Phone Interpretation,On Demand
ALTA Language Services Inc,Luhya,Over the Phone Interpretation,Schedule in Advance
ALTA Language Services Inc,Luo,Over the Phone Interpretation,On Demand
ALTA Language Services Inc,Luo,Over the Phone Interpretation,Schedule in Advance
ALTA Language Services Inc,Luo,Over the Phone Interpretation,On Demand
ALTA Language Services Inc,Luo,Over the Phone Interpretation,On Demand
ALTA Language Services Inc,Luo,Over the Phone Interpretation,Schedule in Advance
ALTA Language Services Inc,Macedonian,Over the Phone Interpretation,Schedule in Advance
ALTA Language Services Inc,Macedonian,Over the Phone Interpretation,On Demand
ALTA Language Services Inc,Macedonian,Over the Phone Interpretation,On Demand
ALTA Language Services Inc,Macedonian,Over the Phone Interpretation,Schedule in Advance
ALTA Language Services Inc,Malagasy,Over the Phone Interpretation,On Demand
ALTA Language Services Inc,Malagasy,Over the Phone Interpretation,Schedule in Advance
ALTA Language Services Inc,Malagasy,Over the Phone Interpretation,On Demand
ALTA Language Services Inc,Malagasy,Over the Phone Interpretation,Schedule in Advance
ALTA Language Services Inc,Malayalam,Over the Phone Interpretation,On Demand
ALTA Language Services Inc,Malayalam,Over the Phone Interpretation,Schedule in Advance
ALTA Language Services Inc,Malayalam,Over the Phone Interpretation,On Demand
ALTA Language Services Inc,Malayalam,Over the Phone Interpretation,On Demand
ALTA Language Services Inc,Malayalam,Over the Phone Interpretation,Schedule in Advance
ALTA Language Services Inc,Malayalam,Video Remote Interpretation,Schedule in Advance
ALTA Language Services Inc,Malayalam,Video Remote Interpretation,Schedule in Advance
ALTA Language Services Inc,Malaysian (Melayu),Over the Phone Interpretation,On Demand
ALTA Language Services Inc,Malaysian (Melayu),Over the Phone Interpretation,Schedule in Advance
ALTA Language Services Inc,Malaysian (Melayu),Over the Phone Interpretation,On Demand
ALTA Language Services Inc,Malaysian (Melayu),Over the Phone Interpretation,Schedule in Advance
ALTA Language Services Inc,Malinke,Over the Phone Interpretation,Schedule in Advance
ALTA Language Services Inc,Malinke,Over the Phone Interpretation,On Demand
ALTA Language Services Inc,Malinke,Over the Phone Interpretation,On Demand
ALTA Language Services Inc,Malinke,Over the Phone Interpretation,Schedule in Advance
ALTA Language Services Inc,Mam,Over the Phone Interpretation,On Demand
ALTA Language Services Inc,Mam,Over the Phone Interpretation,Schedule in Advance
ALTA Language Services Inc,Mam,Over the Phone Interpretation,On Demand
ALTA Language Services Inc,Mam,Over the Phone Interpretation,Schedule in Advance
ALTA Language Services Inc,Manado Malay,Over the Phone Interpretation,Schedule in Advance
ALTA Language Services Inc,Manado Malay,Over the Phone Interpretation,On Demand
ALTA Language Services Inc,Manado Malay,Over the Phone Interpretation,On Demand
ALTA Language Services Inc,Manado Malay,Over the Phone Interpretation,Schedule in Advance
ALTA Language Services Inc,Mandinka,Over the Phone Interpretation,Schedule in Advance
ALTA Language Services Inc,Mandinka,Over the Phone Interpretation,Schedule in Advance
ALTA Language Services Inc,Mandinka,Over the Phone Interpretation,On Demand
ALTA Language Services Inc,Mandinka,Over the Phone Interpretation,On Demand
ALTA Language Services Inc,Mandinka,Over the Phone Interpretation,Schedule in Advance
ALTA Language Services Inc,Mara,Over the Phone Interpretation,Schedule in Advance
ALTA Language Services Inc,Mara,Over the Phone Interpretation,On Demand
ALTA Language Services Inc,Marathi,Over the Phone Interpretation,On Demand
ALTA Language Services Inc,Marathi,Over the Phone Interpretation,Schedule in Advance
ALTA Language Services Inc,Marathi,Over the Phone Interpretation,On Demand
ALTA Language Services Inc,Marathi,Over the Phone Interpretation,Schedule in Advance
ALTA Language Services Inc,Marshallese,Over the Phone Interpretation,On Demand
ALTA Language Services Inc,Marshallese,Over the Phone Interpretation,Schedule in Advance
ALTA Language Services Inc,Marshallese,Over the Phone Interpretation,On Demand
ALTA Language Services Inc,Marshallese,Over the Phone Interpretation,Schedule in Advance
ALTA Language Services Inc,Masalit,Over the Phone Interpretation,Schedule in Advance
ALTA Language Services Inc,Masalit,Over the Phone Interpretation,On Demand
ALTA Language Services Inc,Masalit,Over the Phone Interpretation,On Demand
ALTA Language Services Inc,Masalit,Over the Phone Interpretation,Schedule in Advance
ALTA Language Services Inc,Matu,Over the Phone Interpretation,Schedule in Advance
ALTA Language Services Inc,Matu,Over the Phone Interpretation,On Demand
ALTA Language Services Inc,Maylay,Over the Phone Interpretation,On Demand
ALTA Language Services Inc,Maylay,Over the Phone Interpretation,Schedule in Advance
ALTA Language Services Inc,Maylay,Over the Phone Interpretation,On Demand
ALTA Language Services Inc,Maylay,Over the Phone Interpretation,Schedule in Advance
ALTA Language Services Inc,Mbay,Over the Phone Interpretation,Schedule in Advance
ALTA Language Services Inc,Mbay,Over the Phone Interpretation,On Demand
ALTA Language Services Inc,Mbay,Over the Phone Interpretation,On Demand
ALTA Language Services Inc,Mbay,Over the Phone Interpretation,Schedule in Advance
ALTA Language Services Inc,Mende,Over the Phone Interpretation,Schedule in Advance
ALTA Language Services Inc,Mende,Over the Phone Interpretation,On Demand
ALTA Language Services Inc,Mende,Over the Phone Interpretation,On Demand
ALTA Language Services Inc,Mende,Over the Phone Interpretation,Schedule in Advance
ALTA Language Services Inc,Mien,Over the Phone Interpretation,On Demand
ALTA Language Services Inc,Mien,Over the Phone Interpretation,Schedule in Advance
ALTA Language Services Inc,Mien,Over the Phone Interpretation,On Demand
ALTA Language Services Inc,Mien,Over the Phone Interpretation,Schedule in Advance
ALTA Language Services Inc,Mina,Over the Phone Interpretation,On Demand
ALTA Language Services Inc,Mina,Over the Phone Interpretation,Schedule in Advance
ALTA Language Services Inc,Mina,Over the Phone Interpretation,On Demand
ALTA Language Services Inc,Mina,Over the Phone Interpretation,Schedule in Advance
ALTA Language Services Inc,Minangkabau,Over the Phone Interpretation,On Demand
ALTA Language Services Inc,Minangkabau,Over the Phone Interpretation,Schedule in Advance
ALTA Language Services Inc,Minangkabau,Over the Phone Interpretation,On Demand
ALTA Language Services Inc,Minangkabau,Over the Phone Interpretation,Schedule in Advance
ALTA Language Services Inc,Mirpuri,Over the Phone Interpretation,Schedule in Advance
ALTA Language Services Inc,Mirpuri,Over the Phone Interpretation,On Demand
ALTA Language Services Inc,Mirpuri,Over the Phone Interpretation,On Demand
ALTA Language Services Inc,Mirpuri,Over the Phone Interpretation,Schedule in Advance
ALTA Language Services Inc,Mixteco (Alto),Over the Phone Interpretation,Schedule in Advance
ALTA Language Services Inc,Mixteco (Alto),Over the Phone Interpretation,On Demand
ALTA Language Services Inc,Mixteco (Alto),Over the Phone Interpretation,On Demand
ALTA Language Services Inc,Mixteco (Alto),Over the Phone Interpretation,Schedule in Advance
ALTA Language Services Inc,Mixteco (Bajo),Over the Phone Interpretation,Schedule in Advance
ALTA Language Services Inc,Mixteco (Bajo),Over the Phone Interpretation,On Demand
ALTA Language Services Inc,Mixteco (Bajo),Over the Phone Interpretation,On Demand
ALTA Language Services Inc,Mixteco (Bajo),Over the Phone Interpretation,Schedule in Advance
ALTA Language Services Inc,Moldovan,Over the Phone Interpretation,On Demand
ALTA Language Services Inc,Moldovan,Over the Phone Interpretation,Schedule in Advance
ALTA Language Services Inc,Moldovan,Over the Phone Interpretation,On Demand
ALTA Language Services Inc,Moldovan,Over the Phone Interpretation,Schedule in Advance
ALTA Language Services Inc,Mon,Over the Phone Interpretation,Schedule in Advance
ALTA Language Services Inc,Mon,Over the Phone Interpretation,On Demand
ALTA Language Services Inc,Mon,Over the Phone Interpretation,On Demand
ALTA Language Services Inc,Mon,Over the Phone Interpretation,Schedule in Advance
ALTA Language Services Inc,Mongolian,Over the Phone Interpretation,Schedule in Advance
ALTA Language Services Inc,Mongolian,Over the Phone Interpretation,On Demand
ALTA Language Services Inc,Mongolian,Over the Phone Interpretation,On Demand
ALTA Language Services Inc,Mongolian,Over the Phone Interpretation,Schedule in Advance
ALTA Language Services Inc,Montenegrin,Over the Phone Interpretation,On Demand
ALTA Language Services Inc,Montenegrin,Over the Phone Interpretation,Schedule in Advance
ALTA Language Services Inc,Montenegrin,Over the Phone Interpretation,On Demand
ALTA Language Services Inc,Montenegrin,Over the Phone Interpretation,Schedule in Advance
ALTA Language Services Inc,Moore,Over the Phone Interpretation,Schedule in Advance
ALTA Language Services Inc,Moore,Over the Phone Interpretation,On Demand
ALTA Language Services Inc,Moore,Over the Phone Interpretation,On Demand
ALTA Language Services Inc,Moore,Over the Phone Interpretation,Schedule in Advance
ALTA Language Services Inc,Mushunguli,Over the Phone Interpretation,On Demand
ALTA Language Services Inc,Mushunguli,Over the Phone Interpretation,Schedule in Advance
ALTA Language Services Inc,Mushunguli,Over the Phone Interpretation,On Demand
ALTA Language Services Inc,Mushunguli,Over the Phone Interpretation,Schedule in Advance
ALTA Language Services Inc,Navajo,Over the Phone Interpretation,On Demand
ALTA Language Services Inc,Navajo,Over the Phone Interpretation,Schedule in Advance
ALTA Language Services Inc,Navajo,Over the Phone Interpretation,On Demand
ALTA Language Services Inc,Navajo,Over the Phone Interpretation,Schedule in Advance
ALTA Language Services Inc,Neapolitan,Over the Phone Interpretation,On Demand
ALTA Language Services Inc,Neapolitan,Over the Phone Interpretation,Schedule in Advance
ALTA Language Services Inc,Neapolitan,Over the Phone Interpretation,On Demand
ALTA Language Services Inc,Neapolitan,Over the Phone Interpretation,Schedule in Advance
ALTA Language Services Inc,Nepali,Over the Phone Interpretation,Schedule in Advance
ALTA Language Services Inc,Nepali,Over the Phone Interpretation,On Demand
ALTA Language Services Inc,Nepali,Over the Phone Interpretation,On Demand
ALTA Language Services Inc,Nepali,Over the Phone Interpretation,Schedule in Advance
ALTA Language Services Inc,Newari,Over the Phone Interpretation,Schedule in Advance
ALTA Language Services Inc,Newari,Over the Phone Interpretation,On Demand
ALTA Language Services Inc,Newari,Over the Phone Interpretation,On Demand
ALTA Language Services Inc,Newari,Over the Phone Interpretation,Schedule in Advance
ALTA Language Services Inc,Nigerian (Pidgin English),Over the Phone Interpretation,On Demand
ALTA Language Services Inc,Nigerian (Pidgin English),Over the Phone Interpretation,Schedule in Advance
ALTA Language Services Inc,Norwegian,Over the Phone Interpretation,On Demand
ALTA Language Services Inc,Norwegian,Over the Phone Interpretation,Schedule in Advance
ALTA Language Services Inc,Norwegian,Over the Phone Interpretation,On Demand
ALTA Language Services Inc,Norwegian,Over the Phone Interpretation,Schedule in Advance
ALTA Language Services Inc,Nuer,Over the Phone Interpretation,On Demand
ALTA Language Services Inc,Nuer,Over the Phone Interpretation,Schedule in Advance
ALTA Language Services Inc,Nuer,Over the Phone Interpretation,On Demand
ALTA Language Services Inc,Nuer,Over the Phone Interpretation,Schedule in Advance
ALTA Language Services Inc,Oromifa,Over the Phone Interpretation,Schedule in Advance
ALTA Language Services Inc,Oromifa,Over the Phone Interpretation,On Demand
ALTA Language Services Inc,Oromifa,Over the Phone Interpretation,On Demand
ALTA Language Services Inc,Oromifa,Over the Phone Interpretation,Schedule in Advance
ALTA Language Services Inc,Oromifa,Video Remote Interpretation,On Demand
ALTA Language Services Inc,Oromifa,Video Remote Interpretation,On Demand
ALTA Language Services Inc,Oromo,Over the Phone Interpretation,On Demand
ALTA Language Services Inc,Oromo,Over the Phone Interpretation,Schedule in Advance
ALTA Language Services Inc,Oromo,Over the Phone Interpretation,On Demand
ALTA Language Services Inc,Oromo,Over the Phone Interpretation,Schedule in Advance
ALTA Language Services Inc,Pashto,Over the Phone Interpretation,Schedule in Advance
ALTA Language Services Inc,Pashto,Over the Phone Interpretation,On Demand
ALTA Language Services Inc,Pashto,Over the Phone Interpretation,On Demand
ALTA Language Services Inc,Pashto,Over the Phone Interpretation,Schedule in Advance
ALTA Language Services Inc,Patois,Over the Phone Interpretation,Schedule in Advance
ALTA Language Services Inc,Patois,Over the Phone Interpretation,On Demand
ALTA Language Services Inc,Patois,Over the Phone Interpretation,On Demand
ALTA Language Services Inc,Patois,Over the Phone Interpretation,Schedule in Advance
ALTA Language Services Inc,Persian,Over the Phone Interpretation,Schedule in Advance
ALTA Language Services Inc,Persian,Over the Phone Interpretation,On Demand
ALTA Language Services Inc,Pidgin,Over the Phone Interpretation,Schedule in Advance
ALTA Language Services Inc,Pidgin,Over the Phone Interpretation,On Demand
ALTA Language Services Inc,Pidgin,Over the Phone Interpretation,On Demand
ALTA Language Services Inc,Pidgin,Over the Phone Interpretation,Schedule in Advance
ALTA Language Services Inc,Pidgin (Cameroonian),Over the Phone Interpretation,On Demand
ALTA Language Services Inc,Pidgin (Cameroonian),Over the Phone Interpretation,Schedule in Advance
ALTA Language Services Inc,Pidgin (Cameroonian),Over the Phone Interpretation,On Demand
ALTA Language Services Inc,Pidgin (Cameroonian),Over the Phone Interpretation,Schedule in Advance
ALTA Language Services Inc,Ponapean (Pohnpeian),Over the Phone Interpretation,Schedule in Advance
ALTA Language Services Inc,Ponapean (Pohnpeian),Over the Phone Interpretation,On Demand
ALTA Language Services Inc,Ponapean (Pohnpeian),Over the Phone Interpretation,On Demand
ALTA Language Services Inc,Ponapean (Pohnpeian),Over the Phone Interpretation,Schedule in Advance
ALTA Language Services Inc,Poptí,Over the Phone Interpretation,Schedule in Advance
ALTA Language Services Inc,Poptí,Over the Phone Interpretation,On Demand
ALTA Language Services Inc,Poptí,Over the Phone Interpretation,On Demand
ALTA Language Services Inc,Poptí,Over the Phone Interpretation,Schedule in Advance
ALTA Language Services Inc,Portuguese Creole,Over the Phone Interpretation,Schedule in Advance
ALTA Language Services Inc,Portuguese Creole,Over the Phone Interpretation,On Demand
ALTA Language Services Inc,Portuguese Creole,Over the Phone Interpretation,On Demand
ALTA Language Services Inc,Portuguese Creole,Over the Phone Interpretation,Schedule in Advance
ALTA Language Services Inc,Potwari (Pothwari),Over the Phone Interpretation,On Demand
ALTA Language Services Inc,Potwari (Pothwari),Over the Phone Interpretation,Schedule in Advance
ALTA Language Services Inc,Potwari (Pothwari),Over the Phone Interpretation,On Demand
ALTA Language Services Inc,Potwari (Pothwari),Over the Phone Interpretation,Schedule in Advance
ALTA Language Services Inc,Pulaar,Over the Phone Interpretation,On Demand
ALTA Language Services Inc,Pulaar,Over the Phone Interpretation,Schedule in Advance
ALTA Language Services Inc,Pulaar,Over the Phone Interpretation,On Demand
ALTA Language Services Inc,Pulaar,Over the Phone Interpretation,Schedule in Advance
ALTA Language Services Inc,Puxian,Over the Phone Interpretation,On Demand
ALTA Language Services Inc,Puxian,Over the Phone Interpretation,Schedule in Advance
ALTA Language Services Inc,Puxian,Over the Phone Interpretation,On Demand
ALTA Language Services Inc,Puxian,Over the Phone Interpretation,Schedule in Advance
ALTA Language Services Inc,Q’eqchi’,Over the Phone Interpretation,On Demand
ALTA Language Services Inc,Q’eqchi’,Over the Phone Interpretation,Schedule in Advance
ALTA Language Services Inc,Q’eqchi’,Over the Phone Interpretation,Schedule in Advance
ALTA Language Services Inc,Q’eqchi’,Over the Phone Interpretation,On Demand
ALTA Language Services Inc,Quechua,Over the Phone Interpretation,On Demand
ALTA Language Services Inc,Quechua,Over the Phone Interpretation,Schedule in Advance
ALTA Language Services Inc,Quechua,Over the Phone Interpretation,On Demand
ALTA Language Services Inc,Quechua,Over the Phone Interpretation,Schedule in Advance
ALTA Language Services Inc,Quiché (K’iche),Over the Phone Interpretation,Schedule in Advance
ALTA Language Services Inc,Quiché (K’iche),Over the Phone Interpretation,On Demand
ALTA Language Services Inc,Quiché (K’iche),Over the Phone Interpretation,On Demand
ALTA Language Services Inc,Quiché (K’iche),Over the Phone Interpretation,Schedule in Advance
ALTA Language Services Inc,Rohingya,Over the Phone Interpretation,Schedule in Advance
ALTA Language Services Inc,Rohingya,Over the Phone Interpretation,On Demand
ALTA Language Services Inc,Rohingya,Over the Phone Interpretation,On Demand
ALTA Language Services Inc,Rohingya,Over the Phone Interpretation,On Demand
ALTA Language Services Inc,Rohingya,Over the Phone Interpretation,Schedule in Advance
ALTA Language Services Inc,Rohingya,Video Remote Interpretation,Schedule in Advance
ALTA Language Services Inc,Rohingya,Video Remote Interpretation,Schedule in Advance
ALTA Language Services Inc,Romanian,Over the Phone Interpretation,Schedule in Advance
ALTA Language Services Inc,Romanian,Over the Phone Interpretation,On Demand
ALTA Language Services Inc,Romanian,Over the Phone Interpretation,On Demand
ALTA Language Services Inc,Romanian,Over the Phone Interpretation,On Demand
ALTA Language Services Inc,Romanian,Over the Phone Interpretation,Schedule in Advance
ALTA Language Services Inc,Romanian,Video Remote Interpretation,Schedule in Advance
ALTA Language Services Inc,Romanian,Video Remote Interpretation,Schedule in Advance
ALTA Language Services Inc,Runyankore,Over the Phone Interpretation,On Demand
ALTA Language Services Inc,Runyankore,Over the Phone Interpretation,Schedule in Advance
ALTA Language Services Inc,Runyankore,Over the Phone Interpretation,On Demand
ALTA Language Services Inc,Runyankore,Over the Phone Interpretation,Schedule in Advance
ALTA Language Services Inc,Samoan,Over the Phone Interpretation,On Demand
ALTA Language Services Inc,Samoan,Over the Phone Interpretation,Schedule in Advance
ALTA Language Services Inc,Samoan,Over the Phone Interpretation,On Demand
ALTA Language Services Inc,Samoan,Over the Phone Interpretation,Schedule in Advance
ALTA Language Services Inc,Sango,Over the Phone Interpretation,On Demand
ALTA Language Services Inc,Sango,Over the Phone Interpretation,Schedule in Advance
ALTA Language Services Inc,Sango,Over the Phone Interpretation,On Demand
ALTA Language Services Inc,Sango,Over the Phone Interpretation,Schedule in Advance
ALTA Language Services Inc,Sarahuli,Over the Phone Interpretation,On Demand
ALTA Language Services Inc,Sarahuli,Over the Phone Interpretation,Schedule in Advance
ALTA Language Services Inc,Sarahuli,Over the Phone Interpretation,On Demand
ALTA Language Services Inc,Sarahuli,Over the Phone Interpretation,Schedule in Advance
ALTA Language Services Inc,Saraiki,Over the Phone Interpretation,On Demand
ALTA Language Services Inc,Saraiki,Over the Phone Interpretation,Schedule in Advance
ALTA Language Services Inc,Saraiki,Over the Phone Interpretation,On Demand
ALTA Language Services Inc,Saraiki,Over the Phone Interpretation,Schedule in Advance
ALTA Language Services Inc,Sarikoli,Over the Phone Interpretation,On Demand
ALTA Language Services Inc,Sarikoli,Over the Phone Interpretation,Schedule in Advance
ALTA Language Services Inc,Sarikoli,Over the Phone Interpretation,On Demand
ALTA Language Services Inc,Sarikoli,Over the Phone Interpretation,Schedule in Advance
ALTA Language Services Inc,Senthang,Over the Phone Interpretation,On Demand
ALTA Language Services Inc,Senthang,Over the Phone Interpretation,Schedule in Advance
ALTA Language Services Inc,Senthang,Over the Phone Interpretation,On Demand
ALTA Language Services Inc,Senthang,Over the Phone Interpretation,Schedule in Advance
ALTA Language Services Inc,Serbian,Over the Phone Interpretation,On Demand
ALTA Language Services Inc,Serbian,Over the Phone Interpretation,On Demand
ALTA Language Services Inc,Serbian,Over the Phone Interpretation,Schedule in Advance
ALTA Language Services Inc,Serbian,Over the Phone Interpretation,On Demand
ALTA Language Services Inc,Serbian,Over the Phone Interpretation,Schedule in Advance
ALTA Language Services Inc,Serbian,Video Remote Interpretation,Schedule in Advance
ALTA Language Services Inc,Serbian,Video Remote Interpretation,Schedule in Advance
ALTA Language Services Inc,Serbo-Croatian,Over the Phone Interpretation,Schedule in Advance
ALTA Language Services Inc,Serbo-Croatian,Over the Phone Interpretation,On Demand
ALTA Language Services Inc,Serbo-Croatian,Over the Phone Interpretation,On Demand
ALTA Language Services Inc,Serbo-Croatian,Over the Phone Interpretation,Schedule in Advance
ALTA Language Services Inc,Shan,Over the Phone Interpretation,Schedule in Advance
ALTA Language Services Inc,Shan,Over the Phone Interpretation,On Demand
ALTA Language Services Inc,Shan,Over the Phone Interpretation,On Demand
ALTA Language Services Inc,Shan,Over the Phone Interpretation,Schedule in Advance
ALTA Language Services Inc,Shona,Over the Phone Interpretation,Schedule in Advance
ALTA Language Services Inc,Shona,Over the Phone Interpretation,On Demand
ALTA Language Services Inc,Shona,Over the Phone Interpretation,On Demand
ALTA Language Services Inc,Shona,Over the Phone Interpretation,Schedule in Advance
ALTA Language Services Inc,Sicilian,Over the Phone Interpretation,On Demand
ALTA Language Services Inc,Sicilian,Over the Phone Interpretation,Schedule in Advance
ALTA Language Services Inc,Sicilian,Over the Phone Interpretation,On Demand
ALTA Language Services Inc,Sicilian,Over the Phone Interpretation,Schedule in Advance
ALTA Language Services Inc,Sinhalese,Over the Phone Interpretation,Schedule in Advance
ALTA Language Services Inc,Sinhalese,Over the Phone Interpretation,On Demand
ALTA Language Services Inc,Sinhalese,Over the Phone Interpretation,On Demand
ALTA Language Services Inc,Sinhalese,Over the Phone Interpretation,Schedule in Advance
ALTA Language Services Inc,Siyin,Over the Phone Interpretation,Schedule in Advance
ALTA Language Services Inc,Siyin,Over the Phone Interpretation,Schedule in Advance
ALTA Language Services Inc,Siyin (Sizang),Over the Phone Interpretation,On Demand
ALTA Language Services Inc,Siyin (Sizang),Over the Phone Interpretation,Schedule in Advance
ALTA Language Services Inc,Siyin (Sizang),Over the Phone Interpretation,On Demand
ALTA Language Services Inc,Siyin (Sizang),Over the Phone Interpretation,Schedule in Advance
ALTA Language Services Inc,Slovak,Over the Phone Interpretation,Schedule in Advance
ALTA Language Services Inc,Slovak,Over the Phone Interpretation,On Demand
ALTA Language Services Inc,Slovak,Over the Phone Interpretation,Schedule in Advance
ALTA Language Services Inc,Slovak,Over the Phone Interpretation,On Demand
ALTA Language Services Inc,Slovak,Over the Phone Interpretation,Schedule in Advance
ALTA Language Services Inc,Slovenian,Over the Phone Interpretation,On Demand
ALTA Language Services Inc,Slovenian,Over the Phone Interpretation,Schedule in Advance
ALTA Language Services Inc,Slovenian,Over the Phone Interpretation,On Demand
ALTA Language Services Inc,Slovenian,Over the Phone Interpretation,Schedule in Advance
ALTA Language Services Inc,Somali,Over the Phone Interpretation,Schedule in Advance
ALTA Language Services Inc,Somali,Over the Phone Interpretation,On Demand
ALTA Language Services Inc,Somali,Over the Phone Interpretation,On Demand
ALTA Language Services Inc,Somali,Over the Phone Interpretation,On Demand
ALTA Language Services Inc,Somali,Over the Phone Interpretation,Schedule in Advance
ALTA Language Services Inc,Somali,Video Remote Interpretation,On Demand
ALTA Language Services Inc,Somali,Video Remote Interpretation,On Demand
ALTA Language Services Inc,Soninke,Over the Phone Interpretation,On Demand
ALTA Language Services Inc,Soninke,Over the Phone Interpretation,On Demand
ALTA Language Services Inc,Soninke,Over the Phone Interpretation,Schedule in Advance
ALTA Language Services Inc,Soninke,Over the Phone Interpretation,Schedule in Advance
ALTA Language Services Inc,Soninke,Over the Phone Interpretation,On Demand
ALTA Language Services Inc,Soninke,Over the Phone Interpretation,Schedule in Advance
ALTA Language Services Inc,Soninke,Video Remote Interpretation,Schedule in Advance
ALTA Language Services Inc,Soninke,Video Remote Interpretation,Schedule in Advance
ALTA Language Services Inc,Sudanese,Over the Phone Interpretation,On Demand
ALTA Language Services Inc,Sudanese,Over the Phone Interpretation,Schedule in Advance
ALTA Language Services Inc,Sudanese,Over the Phone Interpretation,Schedule in Advance
ALTA Language Services Inc,Sudanese,Over the Phone Interpretation,On Demand
ALTA Language Services Inc,Sudanese,Over the Phone Interpretation,Schedule in Advance
ALTA Language Services Inc,Susu,Over the Phone Interpretation,Schedule in Advance
ALTA Language Services Inc,Susu,Over the Phone Interpretation,Schedule in Advance
ALTA Language Services Inc,Susu,Over the Phone Interpretation,On Demand
ALTA Language Services Inc,Su-Su,Over the Phone Interpretation,On Demand
ALTA Language Services Inc,Su-Su,Over the Phone Interpretation,Schedule in Advance
ALTA Language Services Inc,Swahili,Over the Phone Interpretation,On Demand
ALTA Language Services Inc,Swahili,Over the Phone Interpretation,Schedule in Advance
ALTA Language Services Inc,Swahili,Over the Phone Interpretation,On Demand
ALTA Language Services Inc,Swahili,Over the Phone Interpretation,On Demand
ALTA Language Services Inc,Swahili,Over the Phone Interpretation,Schedule in Advance
ALTA Language Services Inc,Swahili,Video Remote Interpretation,On Demand
ALTA Language Services Inc,Swahili,Video Remote Interpretation,On Demand
ALTA Language Services Inc,Sylheti,Over the Phone Interpretation,Schedule in Advance
ALTA Language Services Inc,Sylheti,Over the Phone Interpretation,Schedule in Advance
ALTA Language Services Inc,Sylheti,Over the Phone Interpretation,On Demand
ALTA Language Services Inc,Sylheti,Over the Phone Interpretation,On Demand
ALTA Language Services Inc,Sylheti,Over the Phone Interpretation,Schedule in Advance
ALTA Language Services Inc,Tagalog,Over the Phone Interpretation,Schedule in Advance
ALTA Language Services Inc,Tagalog,Over the Phone Interpretation,On Demand
ALTA Language Services Inc,Tagalog,Over the Phone Interpretation,On Demand
ALTA Language Services Inc,Tagalog,Over the Phone Interpretation,Schedule in Advance
ALTA Language Services Inc,Taiwanese,Over the Phone Interpretation,Schedule in Advance
ALTA Language Services Inc,Taiwanese,Over the Phone Interpretation,On Demand
ALTA Language Services Inc,Taiwanese,Over the Phone Interpretation,On Demand
ALTA Language Services Inc,Taiwanese,Over the Phone Interpretation,Schedule in Advance
ALTA Language Services Inc,Tajik,Over the Phone Interpretation,On Demand
ALTA Language Services Inc,Tajik,Over the Phone Interpretation,Schedule in Advance
ALTA Language Services Inc,Tajik,Over the Phone Interpretation,On Demand
ALTA Language Services Inc,Tajik,Over the Phone Interpretation,Schedule in Advance
ALTA Language Services Inc,Tamil,Over the Phone Interpretation,On Demand
ALTA Language Services Inc,Tamil,Over the Phone Interpretation,Schedule in Advance
ALTA Language Services Inc,Tamil,Over the Phone Interpretation,Schedule in Advance
ALTA Language Services Inc,Tamil,Over the Phone Interpretation,On Demand
ALTA Language Services Inc,Tamil,Over the Phone Interpretation,Schedule in Advance
ALTA Language Services Inc,Telugu,Over the Phone Interpretation,Schedule in Advance
ALTA Language Services Inc,Telugu,Over the Phone Interpretation,On Demand
ALTA Language Services Inc,Telugu,Over the Phone Interpretation,On Demand
ALTA Language Services Inc,Telugu,Over the Phone Interpretation,Schedule in Advance
ALTA Language Services Inc,Tem,Over the Phone Interpretation,On Demand
ALTA Language Services Inc,Tem,Over the Phone Interpretation,Schedule in Advance
ALTA Language Services Inc,Tem,Over the Phone Interpretation,On Demand
ALTA Language Services Inc,Tem,Over the Phone Interpretation,Schedule in Advance
ALTA Language Services Inc,Temne,Over the Phone Interpretation,On Demand
ALTA Language Services Inc,Temne,Over the Phone Interpretation,Schedule in Advance
ALTA Language Services Inc,Temne,Over the Phone Interpretation,On Demand
ALTA Language Services Inc,Temne,Over the Phone Interpretation,Schedule in Advance
ALTA Language Services Inc,Teochew,Over the Phone Interpretation,On Demand
ALTA Language Services Inc,Teochew,Over the Phone Interpretation,Schedule in Advance
ALTA Language Services Inc,Teochew,Over the Phone Interpretation,On Demand
ALTA Language Services Inc,Teochew,Over the Phone Interpretation,Schedule in Advance
ALTA Language Services Inc,Tetum,Over the Phone Interpretation,Schedule in Advance
ALTA Language Services Inc,Tetum,Over the Phone Interpretation,On Demand
ALTA Language Services Inc,Tetum,Over the Phone Interpretation,On Demand
ALTA Language Services Inc,Tetum,Over the Phone Interpretation,Schedule in Advance
ALTA Language Services Inc,Thai,Over the Phone Interpretation,Schedule in Advance
ALTA Language Services Inc,Thai,Over the Phone Interpretation,On Demand
ALTA Language Services Inc,Thai,Over the Phone Interpretation,On Demand
ALTA Language Services Inc,Thai,Over the Phone Interpretation,Schedule in Advance
ALTA Language Services Inc,Tibetan,Over the Phone Interpretation,Schedule in Advance
ALTA Language Services Inc,Tibetan,Over the Phone Interpretation,Schedule in Advance
ALTA Language Services Inc,Tibetan,Over the Phone Interpretation,On Demand
ALTA Language Services Inc,Tibetan,Over the Phone Interpretation,On Demand
ALTA Language Services Inc,Tibetan,Over the Phone Interpretation,Schedule in Advance
ALTA Language Services Inc,Tigre,Over the Phone Interpretation,On Demand
ALTA Language Services Inc,Tigre,Over the Phone Interpretation,Schedule in Advance
ALTA Language Services Inc,Tigre,Over the Phone Interpretation,On Demand
ALTA Language Services Inc,Tigre,Over the Phone Interpretation,Schedule in Advance
ALTA Language Services Inc,Tigrigna (Tigrinya),Over the Phone Interpretation,On Demand
ALTA Language Services Inc,Tigrigna (Tigrinya),Over the Phone Interpretation,Schedule in Advance
ALTA Language Services Inc,Tigrigna (Tigrinya),Over the Phone Interpretation,On Demand
ALTA Language Services Inc,Tigrigna (Tigrinya),Over the Phone Interpretation,On Demand
ALTA Language Services Inc,Tigrigna (Tigrinya),Over the Phone Interpretation,Schedule in Advance
ALTA Language Services Inc,Tigrigna (Tigrinya),Video Remote Interpretation,Schedule in Advance
ALTA Language Services Inc,Tigrigna (Tigrinya),Video Remote Interpretation,Schedule in Advance
ALTA Language Services Inc,Trukese,Over the Phone Interpretation,Schedule in Advance
ALTA Language Services Inc,Trukese,Over the Phone Interpretation,On Demand
ALTA Language Services Inc,Trukese,Over the Phone Interpretation,On Demand
ALTA Language Services Inc,Trukese,Over the Phone Interpretation,Schedule in Advance
ALTA Language Services Inc,Tshiluba,Over the Phone Interpretation,Schedule in Advance
ALTA Language Services Inc,Tshiluba,Over the Phone Interpretation,On Demand
ALTA Language Services Inc,Tshiluba,Over the Phone Interpretation,On Demand
ALTA Language Services Inc,Tshiluba,Over the Phone Interpretation,Schedule in Advance
ALTA Language Services Inc,Turkish,Over the Phone Interpretation,On Demand
ALTA Language Services Inc,Turkish,Over the Phone Interpretation,Schedule in Advance
ALTA Language Services Inc,Turkish,Over the Phone Interpretation,On Demand
ALTA Language Services Inc,Turkish,Over the Phone Interpretation,On Demand
ALTA Language Services Inc,Turkish,Over the Phone Interpretation,Schedule in Advance
ALTA Language Services Inc,Turkish,Video Remote Interpretation,Schedule in Advance
ALTA Language Services Inc,Turkish,Video Remote Interpretation,Schedule in Advance
ALTA Language Services Inc,Turkmen,Over the Phone Interpretation,Schedule in Advance
ALTA Language Services Inc,Turkmen,Over the Phone Interpretation,On Demand
ALTA Language Services Inc,Turkmen,Over the Phone Interpretation,On Demand
ALTA Language Services Inc,Turkmen,Over the Phone Interpretation,Schedule in Advance
ALTA Language Services Inc,Twi,Over the Phone Interpretation,Schedule in Advance
ALTA Language Services Inc,Twi,Over the Phone Interpretation,Schedule in Advance
ALTA Language Services Inc,Twi,Over the Phone Interpretation,On Demand
ALTA Language Services Inc,Twi,Over the Phone Interpretation,On Demand
ALTA Language Services Inc,Twi,Over the Phone Interpretation,Schedule in Advance
ALTA Language Services Inc,Ukrainian,Over the Phone Interpretation,Schedule in Advance
ALTA Language Services Inc,Ukrainian,Over the Phone Interpretation,On Demand
ALTA Language Services Inc,Ukrainian,Over the Phone Interpretation,On Demand
ALTA Language Services Inc,Ukrainian,Over the Phone Interpretation,Schedule in Advance
ALTA Language Services Inc,Urdu,Over the Phone Interpretation,Schedule in Advance
ALTA Language Services Inc,Urdu,Over the Phone Interpretation,On Demand
ALTA Language Services Inc,Urdu,Over the Phone Interpretation,On Demand
ALTA Language Services Inc,Urdu,Over the Phone Interpretation,Schedule in Advance
ALTA Language Services Inc,Uspanteko,Over the Phone Interpretation,Schedule in Advance
ALTA Language Services Inc,Uspanteko,Over the Phone Interpretation,On Demand
ALTA Language Services Inc,Uspanteko,Over the Phone Interpretation,On Demand
ALTA Language Services Inc,Uspanteko,Over the Phone Interpretation,Schedule in Advance
ALTA Language Services Inc,Uyghur,Over the Phone Interpretation,On Demand
ALTA Language Services Inc,Uyghur,Over the Phone Interpretation,Schedule in Advance
ALTA Language Services Inc,Uyghur,Over the Phone Interpretation,On Demand
ALTA Language Services Inc,Uyghur,Over the Phone Interpretation,Schedule in Advance
ALTA Language Services Inc,Uzbek,Over the Phone Interpretation,Schedule in Advance
ALTA Language Services Inc,Uzbek,Over the Phone Interpretation,Schedule in Advance
ALTA Language Services Inc,Uzbek,Over the Phone Interpretation,On Demand
ALTA Language Services Inc,Uzbek,Over the Phone Interpretation,On Demand
ALTA Language Services Inc,Uzbek,Over the Phone Interpretation,Schedule in Advance
ALTA Language Services Inc,Visaya,Over the Phone Interpretation,Schedule in Advance
ALTA Language Services Inc,Visaya,Over the Phone Interpretation,On Demand
ALTA Language Services Inc,Visayan,Over the Phone Interpretation,On Demand
ALTA Language Services Inc,Visayan,Over the Phone Interpretation,Schedule in Advance
ALTA Language Services Inc,Wolof,Over the Phone Interpretation,Schedule in Advance
ALTA Language Services Inc,Wolof,Over the Phone Interpretation,On Demand
ALTA Language Services Inc,Wolof,Over the Phone Interpretation,Schedule in Advance
ALTA Language Services Inc,Wolof,Over the Phone Interpretation,On Demand
ALTA Language Services Inc,Wolof,Over the Phone Interpretation,Schedule in Advance
ALTA Language Services Inc,Wolof,Video Remote Interpretation,Schedule in Advance
ALTA Language Services Inc,Wolof,Video Remote Interpretation,Schedule in Advance
ALTA Language Services Inc,Xhosa,Over the Phone Interpretation,On Demand
ALTA Language Services Inc,Xhosa,Over the Phone Interpretation,Schedule in Advance
ALTA Language Services Inc,Xhosa,Over the Phone Interpretation,On Demand
ALTA Language Services Inc,Xhosa,Over the Phone Interpretation,Schedule in Advance
ALTA Language Services Inc,Yiddish,Over the Phone Interpretation,On Demand
ALTA Language Services Inc,Yiddish,Over the Phone Interpretation,Schedule in Advance
ALTA Language Services Inc,Yiddish,Over the Phone Interpretation,On Demand
ALTA Language Services Inc,Yiddish,Over the Phone Interpretation,Schedule in Advance
ALTA Language Services Inc,Yoruba,Over the Phone Interpretation,Schedule in Advance
ALTA Language Services Inc,Yoruba,Over the Phone Interpretation,On Demand
ALTA Language Services Inc,Yoruba,Over the Phone Interpretation,On Demand
ALTA Language Services Inc,Yoruba,Over the Phone Interpretation,Schedule in Advance
ALTA Language Services Inc,Yup’ik,Over the Phone Interpretation,On Demand
ALTA Language Services Inc,Yup’ik,Over the Phone Interpretation,Schedule in Advance
ALTA Language Services Inc,Yupik (Yup’ik),Over the Phone Interpretation,Schedule in Advance
ALTA Language Services Inc,Yupik (Yup’ik),Over the Phone Interpretation,On Demand
ALTA Language Services Inc,Zapotec,Over the Phone Interpretation,On Demand
ALTA Language Services Inc,Zapotec,Over the Phone Interpretation,Schedule in Advance
ALTA Language Services Inc,Zapotec,Over the Phone Interpretation,On Demand
ALTA Language Services Inc,Zapotec,Over the Phone Interpretation,Schedule in Advance
ALTA Language Services Inc,Zulu,Over the Phone Interpretation,On Demand
ALTA Language Services Inc,Zulu,Over the Phone Interpretation,Schedule in Advance
ALTA Language Services Inc,Zulu,Over the Phone Interpretation,On Demand
ALTA Language Services Inc,Zulu,Over the Phone Interpretation,Schedule in Advance
Argo Translation Inc,Acehnese,Over the Phone Interpretation,Did Not Specify
Argo Translation Inc,Acholi,Over the Phone Interpretation,Did Not Specify
Argo Translation Inc,Afar,Over the Phone Interpretation,Did Not Specify
Argo Translation Inc,Afar,Over the Phone Interpretation,On Demand
Argo Translation Inc,Afar,Over the Phone Interpretation,Schedule in Advance
Argo Translation Inc,Afrikaans,Over the Phone Interpretation,Did Not Specify
Argo Translation Inc,Akan,Over the Phone Interpretation,Did Not Specify
Argo Translation Inc,Akan,Over the Phone Interpretation,Schedule in Advance
Argo Translation Inc,Akan,Over the Phone Interpretation,On Demand
Argo Translation Inc,Akateko (Akatek),Over the Phone Interpretation,Did Not Specify
Argo Translation Inc,Albanian,Over the Phone Interpretation,Did Not Specify
Argo Translation Inc,American Sign Language,Video Remote Interpretation,On Demand
Argo Translation Inc,Amharic,Over the Phone Interpretation,Did Not Specify
Argo Translation Inc,Anuak,Over the Phone Interpretation,Did Not Specify
Argo Translation Inc,Arabic,Video Remote Interpretation,On Demand
Argo Translation Inc,Arabic (Algerian),Over the Phone Interpretation,Did Not Specify
Argo Translation Inc,Arabic (Egyptian),Over the Phone Interpretation,Did Not Specify
Argo Translation Inc,Arabic (Egyptian),Over the Phone Interpretation,Schedule in Advance
Argo Translation Inc,Arabic (Egyptian),Over the Phone Interpretation,On Demand
Argo Translation Inc,Arabic (Gulf),Over the Phone Interpretation,Did Not Specify
Argo Translation Inc,Arabic (Iraqi),Over the Phone Interpretation,Did Not Specify
Argo Translation Inc,Arabic (Jordanian),Over the Phone Interpretation,Did Not Specify
Argo Translation Inc,Arabic (Juba),Over the Phone Interpretation,Did Not Specify
Argo Translation Inc,Arabic (Modern Standard),Over the Phone Interpretation,Did Not Specify
Argo Translation Inc,Arabic (Moroccan),Over the Phone Interpretation,Did Not Specify
Argo Translation Inc,Arabic (Sudanese),Over the Phone Interpretation,Did Not Specify
Argo Translation Inc,Arabic (Yemeni),Over the Phone Interpretation,Did Not Specify
Argo Translation Inc,Armenian,Over the Phone Interpretation,Did Not Specify
Argo Translation Inc,Asante (Ashanti),Over the Phone Interpretation,Did Not Specify
Argo Translation Inc,Assyrian,Over the Phone Interpretation,Did Not Specify
Argo Translation Inc,Azeri,Over the Phone Interpretation,Did Not Specify
Argo Translation Inc,Bahasa (Malaysian),Over the Phone Interpretation,Did Not Specify
Argo Translation Inc,Bamanankan,Over the Phone Interpretation,Schedule in Advance
Argo Translation Inc,Bamanankan,Over the Phone Interpretation,On Demand
Argo Translation Inc,Bambara,Over the Phone Interpretation,Did Not Specify
Argo Translation Inc,Bangla,Over the Phone Interpretation,Did Not Specify
Argo Translation Inc,Bashkir,Over the Phone Interpretation,Did Not Specify
Argo Translation Inc,Basque,Over the Phone Interpretation,Did Not Specify
Argo Translation Inc,Bassa,Over the Phone Interpretation,Did Not Specify
Argo Translation Inc,Belarusian,Over the Phone Interpretation,Did Not Specify
Argo Translation Inc,Bosnian,Over the Phone Interpretation,Did Not Specify
Argo Translation Inc,Bosnian,Over the Phone Interpretation,Schedule in Advance
Argo Translation Inc,Bosnian,Over the Phone Interpretation,On Demand
Argo Translation Inc,Bosnian,Video Remote Interpretation,On Demand
Argo Translation Inc,Bosnian,Video Remote Interpretation,On Demand
Argo Translation Inc,Bosnian,Video Remote Interpretation,Schedule in Advance
Argo Translation Inc,Bulgarian,Over the Phone Interpretation,Did Not Specify
Argo Translation Inc,Burmese,Over the Phone Interpretation,Did Not Specify
Argo Translation Inc,Burmese,Video Remote Interpretation,On Demand
Argo Translation Inc,Cambodian,Over the Phone Interpretation,Did Not Specify
Argo Translation Inc,Cantonese (Chinese),Over the Phone Interpretation,On Demand
Argo Translation Inc,Cantonese (Chinese),Over the Phone Interpretation,Schedule in Advance
Argo Translation Inc,Cantonese (Chinese),Video Remote Interpretation,Schedule in Advance
Argo Translation Inc,Cantonese (Chinese),Video Remote Interpretation,On Demand
Argo Translation Inc,Cantonese (Chinese),Over the Phone Interpretation,Did Not Specify
Argo Translation Inc,Cantonese (Chinese),Video Remote Interpretation,On Demand
Argo Translation Inc,Cape Verdean Creole,Over the Phone Interpretation,Did Not Specify
Argo Translation Inc,Carolinian,Over the Phone Interpretation,Did Not Specify
Argo Translation Inc,Catalan,Over the Phone Interpretation,Did Not Specify
Argo Translation Inc,Cebuano,Over the Phone Interpretation,Did Not Specify
Argo Translation Inc,Chaldean,Over the Phone Interpretation,Did Not Specify
Argo Translation Inc,Chamorro,Over the Phone Interpretation,Did Not Specify
Argo Translation Inc,Chao-Chow,Over the Phone Interpretation,Did Not Specify
Argo Translation Inc,Cherokee,Over the Phone Interpretation,Did Not Specify
Argo Translation Inc,Chin,Over the Phone Interpretation,Did Not Specify
Argo Translation Inc,Chin (Falam),Over the Phone Interpretation,Did Not Specify
Argo Translation Inc,Chin (Hakha),Over the Phone Interpretation,Did Not Specify
Argo Translation Inc,Chin (Lai),Over the Phone Interpretation,Did Not Specify
Argo Translation Inc,Chin (Mara),Over the Phone Interpretation,Did Not Specify
Argo Translation Inc,Chin (Matu),Over the Phone Interpretation,Did Not Specify
Argo Translation Inc,Chin (Mizo),Over the Phone Interpretation,Did Not Specify
Argo Translation Inc,Chin (Tedim),Over the Phone Interpretation,Did Not Specify
Argo Translation Inc,Chin (Zo),Over the Phone Interpretation,Did Not Specify
Argo Translation Inc,Chin (Zomi),Over the Phone Interpretation,Did Not Specify
Argo Translation Inc,Chin (Zophei),Over the Phone Interpretation,Did Not Specify
Argo Translation Inc,Chinese (Fujianese),Over the Phone Interpretation,On Demand
Argo Translation Inc,Chinese (Fujianese),Over the Phone Interpretation,Schedule in Advance
Argo Translation Inc,Chinese (Fukienese),Over the Phone Interpretation,Did Not Specify
Argo Translation Inc,Chinese (Fuzhou),Over the Phone Interpretation,Did Not Specify
Argo Translation Inc,Chinese (Fuzhounese),Over the Phone Interpretation,Schedule in Advance
Argo Translation Inc,Chinese (Fuzhounese),Over the Phone Interpretation,On Demand
Argo Translation Inc,Chinese (Hainanese),Over the Phone Interpretation,Did Not Specify
Argo Translation Inc,Chinese (Hakka),Over the Phone Interpretation,Did Not Specify
Argo Translation Inc,Chinese (Hokkien),Over the Phone Interpretation,Did Not Specify
Argo Translation Inc,Chinese (Shanghainese),Over the Phone Interpretation,Did Not Specify
Argo Translation Inc,Chinese (Taishanese),Over the Phone Interpretation,Schedule in Advance
Argo Translation Inc,Chinese (Taishanese),Over the Phone Interpretation,On Demand
Argo Translation Inc,Chinese (Toisanese),Over the Phone Interpretation,Did Not Specify
Argo Translation Inc,Choujo,Over the Phone Interpretation,Did Not Specify
Argo Translation Inc,Chuj,Over the Phone Interpretation,Did Not Specify
Argo Translation Inc,Chuukese,Over the Phone Interpretation,Did Not Specify
Argo Translation Inc,Cotocoli (Tem),Over the Phone Interpretation,Did Not Specify
Argo Translation Inc,Croatian,Over the Phone Interpretation,Did Not Specify
Argo Translation Inc,Czech,Over the Phone Interpretation,Did Not Specify
Argo Translation Inc,Danish,Over the Phone Interpretation,Did Not Specify
Argo Translation Inc,Dari,Over the Phone Interpretation,Did Not Specify
Argo Translation Inc,Dinka,Over the Phone Interpretation,Did Not Specify
Argo Translation Inc,Dioula (Dyula),Over the Phone Interpretation,Did Not Specify
Argo Translation Inc,Dutch,Over the Phone Interpretation,Did Not Specify
Argo Translation Inc,Edo,Over the Phone Interpretation,Did Not Specify
Argo Translation Inc,Estonian,Over the Phone Interpretation,Did Not Specify
Argo Translation Inc,Ewe,Over the Phone Interpretation,Did Not Specify
Argo Translation Inc,Ewe,Over the Phone Interpretation,On Demand
Argo Translation Inc,Ewe,Over the Phone Interpretation,Schedule in Advance
Argo Translation Inc,Farsi,Over the Phone Interpretation,Did Not Specify
Argo Translation Inc,Farsi,Video Remote Interpretation,On Demand
Argo Translation Inc,Farsi (Persian),Over the Phone Interpretation,Schedule in Advance
Argo Translation Inc,Farsi (Persian),Over the Phone Interpretation,On Demand
Argo Translation Inc,Farsi (Persian),Video Remote Interpretation,On Demand
Argo Translation Inc,Farsi (Persian),Video Remote Interpretation,Schedule in Advance
Argo Translation Inc,Finnish,Over the Phone Interpretation,Did Not Specify
Argo Translation Inc,Flemish,Over the Phone Interpretation,Did Not Specify
Argo Translation Inc,Foochow (Fuzhou),Over the Phone Interpretation,Did Not Specify
Argo Translation Inc,French,Over the Phone Interpretation,Did Not Specify
Argo Translation Inc,French,Video Remote Interpretation,On Demand
Argo Translation Inc,French (Canadian),Over the Phone Interpretation,Did Not Specify
Argo Translation Inc,French Creole,Over the Phone Interpretation,Did Not Specify
Argo Translation Inc,Fulani (Fula),Over the Phone Interpretation,Did Not Specify
Argo Translation Inc,Fulani (Fula),Over the Phone Interpretation,On Demand
Argo Translation Inc,Fulani (Fula),Over the Phone Interpretation,Schedule in Advance
Argo Translation Inc,Fulde,Over the Phone Interpretation,Did Not Specify
Argo Translation Inc,Ga,Over the Phone Interpretation,Did Not Specify
Argo Translation Inc,Garre,Over the Phone Interpretation,Did Not Specify
Argo Translation Inc,Georgian,Over the Phone Interpretation,Did Not Specify
Argo Translation Inc,German,Over the Phone Interpretation,Did Not Specify
Argo Translation Inc,Greek,Over the Phone Interpretation,Did Not Specify
Argo Translation Inc,Guarani,Over the Phone Interpretation,Did Not Specify
Argo Translation Inc,Gujarati,Over the Phone Interpretation,Did Not Specify
Argo Translation Inc,Haitian Creole,Over the Phone Interpretation,Did Not Specify
Argo Translation Inc,Haitian Creole,Video Remote Interpretation,On Demand
Argo Translation Inc,Harar,Over the Phone Interpretation,Did Not Specify
Argo Translation Inc,Hassaniya,Over the Phone Interpretation,Did Not Specify
Argo Translation Inc,Hausa,Over the Phone Interpretation,Did Not Specify
Argo Translation Inc,Hebrew,Over the Phone Interpretation,Did Not Specify
Argo Translation Inc,Hindi,Over the Phone Interpretation,Did Not Specify
Argo Translation Inc,Hmong,Over the Phone Interpretation,Did Not Specify
Argo Translation Inc,Hmong,Video Remote Interpretation,On Demand
Argo Translation Inc,Hungarian,Over the Phone Interpretation,Did Not Specify
Argo Translation Inc,Hungarian,Over the Phone Interpretation,On Demand
Argo Translation Inc,Hungarian,Over the Phone Interpretation,Schedule in Advance
Argo Translation Inc,Icelandic,Over the Phone Interpretation,Did Not Specify
Argo Translation Inc,Igbo,Over the Phone Interpretation,Did Not Specify
Argo Translation Inc,Ilocano,Over the Phone Interpretation,Did Not Specify
Argo Translation Inc,Ilonggo,Over the Phone Interpretation,Did Not Specify
Argo Translation Inc,Indonesian,Over the Phone Interpretation,Did Not Specify
Argo Translation Inc,Jamaican Patuá,Over the Phone Interpretation,Did Not Specify
Argo Translation Inc,Jamaican Patuá,Over the Phone Interpretation,On Demand
Argo Translation Inc,Jamaican Patuá,Over the Phone Interpretation,Schedule in Advance
Argo Translation Inc,Japanese,Over the Phone Interpretation,Did Not Specify
Argo Translation Inc,Jarai,Over the Phone Interpretation,Did Not Specify
Argo Translation Inc,Kannada,Over the Phone Interpretation,Did Not Specify
Argo Translation Inc,Karen,Over the Phone Interpretation,Did Not Specify
Argo Translation Inc,Karen,Over the Phone Interpretation,On Demand
Argo Translation Inc,Karen,Over the Phone Interpretation,Schedule in Advance
Argo Translation Inc,Karen,Video Remote Interpretation,On Demand
Argo Translation Inc,Karen,Video Remote Interpretation,Schedule in Advance
Argo Translation Inc,Karen,Video Remote Interpretation,On Demand
Argo Translation Inc,Karen (Pwo),Over the Phone Interpretation,Did Not Specify
Argo Translation Inc,Karenni (Kayah),Over the Phone Interpretation,Did Not Specify
Argo Translation Inc,Kazakh,Over the Phone Interpretation,Did Not Specify
Argo Translation Inc,Khmer,Over the Phone Interpretation,Did Not Specify
Argo Translation Inc,K'iche',Over the Phone Interpretation,Did Not Specify
Argo Translation Inc,Kikongo,Over the Phone Interpretation,Did Not Specify
Argo Translation Inc,Kikuyu,Over the Phone Interpretation,Did Not Specify
Argo Translation Inc,Kinyamulenge,Over the Phone Interpretation,Did Not Specify
Argo Translation Inc,Kinyarwanda,Over the Phone Interpretation,Did Not Specify
Argo Translation Inc,Kirundi,Over the Phone Interpretation,Did Not Specify
Argo Translation Inc,Kirundi,Over the Phone Interpretation,Schedule in Advance
Argo Translation Inc,Kirundi,Over the Phone Interpretation,On Demand
Argo Translation Inc,Kissi,Over the Phone Interpretation,Did Not Specify
Argo Translation Inc,Kizigua (Kizigula),Over the Phone Interpretation,Did Not Specify
Argo Translation Inc,Korean,Over the Phone Interpretation,Did Not Specify
Argo Translation Inc,Korean,Video Remote Interpretation,On Demand
Argo Translation Inc,Kosraean,Over the Phone Interpretation,Did Not Specify
Argo Translation Inc,Krahn,Over the Phone Interpretation,Did Not Specify
Argo Translation Inc,Krio,Over the Phone Interpretation,Did Not Specify
Argo Translation Inc,Kunama,Over the Phone Interpretation,Did Not Specify
Argo Translation Inc,Kurdish,Over the Phone Interpretation,Did Not Specify
Argo Translation Inc,Kurdish (Bahdini),Over the Phone Interpretation,Did Not Specify
Argo Translation Inc,Kurdish (Kurmanji),Over the Phone Interpretation,Did Not Specify
Argo Translation Inc,Kurdish (Sorani),Over the Phone Interpretation,Did Not Specify
Argo Translation Inc,Kurdish (Soranî),Over the Phone Interpretation,Did Not Specify
Argo Translation Inc,Kyrgyz,Over the Phone Interpretation,Did Not Specify
Argo Translation Inc,Lao,Over the Phone Interpretation,Did Not Specify
Argo Translation Inc,Lao,Over the Phone Interpretation,On Demand
Argo Translation Inc,Lao,Over the Phone Interpretation,Schedule in Advance
Argo Translation Inc,Latvian,Over the Phone Interpretation,Did Not Specify
Argo Translation Inc,Latvian,Over the Phone Interpretation,Schedule in Advance
Argo Translation Inc,Latvian,Over the Phone Interpretation,On Demand
Argo Translation Inc,Lautu,Over the Phone Interpretation,Did Not Specify
Argo Translation Inc,Lingala,Over the Phone Interpretation,Did Not Specify
Argo Translation Inc,Lithuanian,Over the Phone Interpretation,Did Not Specify
Argo Translation Inc,Lorma,Over the Phone Interpretation,Did Not Specify
Argo Translation Inc,Luganda,Over the Phone Interpretation,Did Not Specify
Argo Translation Inc,Luo,Over the Phone Interpretation,Did Not Specify
Argo Translation Inc,Maay Maay,Over the Phone Interpretation,Did Not Specify
Argo Translation Inc,Macedonian,Over the Phone Interpretation,Did Not Specify
Argo Translation Inc,Malay,Over the Phone Interpretation,Did Not Specify
Argo Translation Inc,Malayalam,Over the Phone Interpretation,Did Not Specify
Argo Translation Inc,Malayalam,Over the Phone Interpretation,On Demand
Argo Translation Inc,Malayalam,Over the Phone Interpretation,Schedule in Advance
Argo Translation Inc,Mam,Over the Phone Interpretation,Did Not Specify
Argo Translation Inc,Mandarin (Chinese),Over the Phone Interpretation,Did Not Specify
Argo Translation Inc,Mandarin (Chinese),Video Remote Interpretation,On Demand
Argo Translation Inc,Mandinka,Over the Phone Interpretation,Did Not Specify
Argo Translation Inc,Mandinka,Over the Phone Interpretation,On Demand
Argo Translation Inc,Mandinka,Over the Phone Interpretation,Schedule in Advance
Argo Translation Inc,Marathi,Over the Phone Interpretation,Did Not Specify
Argo Translation Inc,Marshallese,Over the Phone Interpretation,Did Not Specify
Argo Translation Inc,Mbay,Over the Phone Interpretation,Did Not Specify
Argo Translation Inc,Mende,Over the Phone Interpretation,Did Not Specify
Argo Translation Inc,Mien,Over the Phone Interpretation,Did Not Specify
Argo Translation Inc,Mina,Over the Phone Interpretation,Did Not Specify
Argo Translation Inc,Mixteco (Alto),Over the Phone Interpretation,Did Not Specify
Argo Translation Inc,Mixteco (Bajo),Over the Phone Interpretation,Did Not Specify
Argo Translation Inc,Moldovan,Over the Phone Interpretation,Did Not Specify
Argo Translation Inc,Mongolian,Over the Phone Interpretation,Did Not Specify
Argo Translation Inc,Montenegrin,Over the Phone Interpretation,Did Not Specify
Argo Translation Inc,Moore,Over the Phone Interpretation,Did Not Specify
Argo Translation Inc,Mushunguli,Over the Phone Interpretation,Did Not Specify
Argo Translation Inc,Navajo,Over the Phone Interpretation,Did Not Specify
Argo Translation Inc,Nepali,Over the Phone Interpretation,Did Not Specify
Argo Translation Inc,Nepali,Video Remote Interpretation,On Demand
Argo Translation Inc,Nigerian (Pidgin English),Over the Phone Interpretation,Did Not Specify
Argo Translation Inc,Norwegian,Over the Phone Interpretation,Did Not Specify
Argo Translation Inc,Nuer,Over the Phone Interpretation,Did Not Specify
Argo Translation Inc,Oromifa,Over the Phone Interpretation,Did Not Specify
Argo Translation Inc,Pashto,Over the Phone Interpretation,Did Not Specify
Argo Translation Inc,Pennsylvania Dutch,Over the Phone Interpretation,Did Not Specify
Argo Translation Inc,Pidgin (Cameroonian),Over the Phone Interpretation,Did Not Specify
Argo Translation Inc,Polish,Over the Phone Interpretation,Did Not Specify
Argo Translation Inc,Polish,Video Remote Interpretation,On Demand
Argo Translation Inc,Ponapean (Pohnpeian),Over the Phone Interpretation,Did Not Specify
Argo Translation Inc,Portuguese (Brazilian),Over the Phone Interpretation,Did Not Specify
Argo Translation Inc,Portuguese (Brazilian),Video Remote Interpretation,On Demand
Argo Translation Inc,Portuguese (European),Over the Phone Interpretation,Did Not Specify
Argo Translation Inc,Portuguese Creole,Over the Phone Interpretation,Did Not Specify
Argo Translation Inc,Pulaar,Over the Phone Interpretation,Did Not Specify
Argo Translation Inc,Punjabi,Over the Phone Interpretation,Did Not Specify
Argo Translation Inc,Punjabi,Video Remote Interpretation,On Demand
Argo Translation Inc,Q’anjob’al,Over the Phone Interpretation,Did Not Specify
Argo Translation Inc,Q’eqchi’,Over the Phone Interpretation,Did Not Specify
Argo Translation Inc,Quechua,Over the Phone Interpretation,Did Not Specify
Argo Translation Inc,Rohingya,Over the Phone Interpretation,Did Not Specify
Argo Translation Inc,Rohingya,Over the Phone Interpretation,Schedule in Advance
Argo Translation Inc,Rohingya,Over the Phone Interpretation,On Demand
Argo Translation Inc,Romanian,Over the Phone Interpretation,Did Not Specify
Argo Translation Inc,Romanian,Over the Phone Interpretation,On Demand
Argo Translation Inc,Romanian,Over the Phone Interpretation,Schedule in Advance
Argo Translation Inc,Romanian,Video Remote Interpretation,On Demand
Argo Translation Inc,Romanian,Video Remote Interpretation,On Demand
Argo Translation Inc,Romanian,Video Remote Interpretation,Schedule in Advance
Argo Translation Inc,Russian,Over the Phone Interpretation,Did Not Specify
Argo Translation Inc,Russian,Video Remote Interpretation,On Demand
Argo Translation Inc,Samoan,Over the Phone Interpretation,Did Not Specify
Argo Translation Inc,Sango,Over the Phone Interpretation,Did Not Specify
Argo Translation Inc,Senthang,Over the Phone Interpretation,Did Not Specify
Argo Translation Inc,Serbian,Over the Phone Interpretation,Did Not Specify
Argo Translation Inc,Serbian,Over the Phone Interpretation,Schedule in Advance
Argo Translation Inc,Serbian,Over the Phone Interpretation,On Demand
Argo Translation Inc,Shona,Over the Phone Interpretation,Did Not Specify
Argo Translation Inc,Sichuan,Over the Phone Interpretation,Did Not Specify
Argo Translation Inc,Sicilian,Over the Phone Interpretation,Did Not Specify
Argo Translation Inc,Sinhalese,Over the Phone Interpretation,Did Not Specify
Argo Translation Inc,Siyin,Over the Phone Interpretation,Did Not Specify
Argo Translation Inc,Slovak,Over the Phone Interpretation,Did Not Specify
Argo Translation Inc,Slovak,Over the Phone Interpretation,On Demand
Argo Translation Inc,Slovak,Over the Phone Interpretation,Schedule in Advance
Argo Translation Inc,Slovene,Over the Phone Interpretation,Did Not Specify
Argo Translation Inc,Somali,Over the Phone Interpretation,Did Not Specify
Argo Translation Inc,Somali,Over the Phone Interpretation,On Demand
Argo Translation Inc,Somali,Over the Phone Interpretation,Schedule in Advance
Argo Translation Inc,Somali,Video Remote Interpretation,Schedule in Advance
Argo Translation Inc,Somali,Video Remote Interpretation,On Demand
Argo Translation Inc,Somali Bantu,Over the Phone Interpretation,Did Not Specify
Argo Translation Inc,Soninke,Over the Phone Interpretation,Did Not Specify
Argo Translation Inc,Soninke,Over the Phone Interpretation,On Demand
Argo Translation Inc,Soninke,Over the Phone Interpretation,Schedule in Advance
Argo Translation Inc,Soninke (Sarahuli),Over the Phone Interpretation,Did Not Specify
Argo Translation Inc,Soninke (Sarakhole),Over the Phone Interpretation,Did Not Specify
Argo Translation Inc,Sousou,Over the Phone Interpretation,Did Not Specify
Argo Translation Inc,Swahili,Over the Phone Interpretation,Did Not Specify
Argo Translation Inc,Swahili,Over the Phone Interpretation,On Demand
Argo Translation Inc,Swahili,Over the Phone Interpretation,Schedule in Advance
Argo Translation Inc,Swahili,Video Remote Interpretation,On Demand
Argo Translation Inc,Swahili,Video Remote Interpretation,On Demand
Argo Translation Inc,Swahili,Video Remote Interpretation,Schedule in Advance
Argo Translation Inc,Swedish,Over the Phone Interpretation,Did Not Specify
Argo Translation Inc,Sylheti,Over the Phone Interpretation,Did Not Specify
Argo Translation Inc,Sylheti,Over the Phone Interpretation,On Demand
Argo Translation Inc,Sylheti,Over the Phone Interpretation,Schedule in Advance
Argo Translation Inc,Tagalog (Filipino),Over the Phone Interpretation,Did Not Specify
Argo Translation Inc,Taiwanese,Over the Phone Interpretation,Did Not Specify
Argo Translation Inc,Tajik,Over the Phone Interpretation,Did Not Specify
Argo Translation Inc,Tamil,Over the Phone Interpretation,Did Not Specify
Argo Translation Inc,Tamil,Over the Phone Interpretation,On Demand
Argo Translation Inc,Tamil,Over the Phone Interpretation,Schedule in Advance
Argo Translation Inc,Tarahumara,Over the Phone Interpretation,Did Not Specify
Argo Translation Inc,Telugu,Over the Phone Interpretation,Did Not Specify
Argo Translation Inc,Temne,Over the Phone Interpretation,Did Not Specify
Argo Translation Inc,Teochew,Over the Phone Interpretation,Did Not Specify
Argo Translation Inc,Thai,Over the Phone Interpretation,Did Not Specify
Argo Translation Inc,Tibetan,Over the Phone Interpretation,Did Not Specify
Argo Translation Inc,Tibetan,Over the Phone Interpretation,Schedule in Advance
Argo Translation Inc,Tibetan,Over the Phone Interpretation,On Demand
Argo Translation Inc,Tigrigna (Tigrinya),Over the Phone Interpretation,Did Not Specify
Argo Translation Inc,Tigrigna (Tigrinya),Over the Phone Interpretation,Schedule in Advance
Argo Translation Inc,Tigrigna (Tigrinya),Over the Phone Interpretation,On Demand
Argo Translation Inc,Tongan,Over the Phone Interpretation,Did Not Specify
Argo Translation Inc,Tosk,Over the Phone Interpretation,Did Not Specify
Argo Translation Inc,Trukese (Chuukese),Over the Phone Interpretation,Did Not Specify
Argo Translation Inc,Turkish,Over the Phone Interpretation,Did Not Specify
Argo Translation Inc,Turkish,Over the Phone Interpretation,Schedule in Advance
Argo Translation Inc,Turkish,Over the Phone Interpretation,On Demand
Argo Translation Inc,Twi,Over the Phone Interpretation,Did Not Specify
Argo Translation Inc,Twi,Over the Phone Interpretation,On Demand
Argo Translation Inc,Twi,Over the Phone Interpretation,Schedule in Advance
Argo Translation Inc,Ukrainian,Over the Phone Interpretation,Did Not Specify
Argo Translation Inc,Urdu,Over the Phone Interpretation,Did Not Specify
Argo Translation Inc,Uzbek,Over the Phone Interpretation,Did Not Specify
Argo Translation Inc,Uzbek,Over the Phone Interpretation,On Demand
Argo Translation Inc,Uzbek,Over the Phone Interpretation,Schedule in Advance
Argo Translation Inc,Vietnamese,Over the Phone Interpretation,Did Not Specify
Argo Translation Inc,Vietnamese,Video Remote Interpretation,On Demand
Argo Translation Inc,Visayan,Over the Phone Interpretation,Did Not Specify
Argo Translation Inc,Wolof,Over the Phone Interpretation,Did Not Specify
Argo Translation Inc,Wolof,Over the Phone Interpretation,On Demand
Argo Translation Inc,Wolof,Over the Phone Interpretation,Schedule in Advance
Argo Translation Inc,Xhosa,Over the Phone Interpretation,Did Not Specify
Argo Translation Inc,Yapese,Over the Phone Interpretation,Did Not Specify
Argo Translation Inc,Yiddish,Over the Phone Interpretation,Did Not Specify
Argo Translation Inc,Yoruba,Over the Phone Interpretation,Did Not Specify
Argo Translation Inc,Yup’ik,Over the Phone Interpretation,Did Not Specify
Argo Translation Inc,Zapotec,Over the Phone Interpretation,Did Not Specify
Argo Translation Inc,Zulu,Over the Phone Interpretation,Did Not Specify
Avantpage Inc,Afar,In-Person Interpretation (Consecutive),Schedule in Advance
Avantpage Inc,Afar,In-Person Interpretation (Simultaneous),Schedule in Advance
Avantpage Inc,Afar,Over the Phone Interpretation,Schedule in Advance
Avantpage Inc,Afar,Over the Phone Interpretation,On Demand
Avantpage Inc,Afar,Video Remote Interpretation,Schedule in Advance
Avantpage Inc,Afar,Video Remote Interpretation,On Demand
Avantpage Inc,American Sign Language,In-Person Interpretation (Consecutive),Schedule in Advance
Avantpage Inc,American Sign Language,In-Person Interpretation (Simultaneous),Schedule in Advance
Avantpage Inc,American Sign Language,Over the Phone Interpretation,On Demand
Avantpage Inc,American Sign Language,Over the Phone Interpretation,Schedule in Advance
Avantpage Inc,American Sign Language,Video Remote Interpretation,On Demand
Avantpage Inc,American Sign Language,Video Remote Interpretation,Schedule in Advance
Avantpage Inc,Arabic (Egyptian),In-Person Interpretation (Consecutive),Schedule in Advance
Avantpage Inc,Arabic (Egyptian),In-Person Interpretation (Simultaneous),Schedule in Advance
Avantpage Inc,Arabic (Egyptian),Over the Phone Interpretation,Schedule in Advance
Avantpage Inc,Arabic (Egyptian),Over the Phone Interpretation,On Demand
Avantpage Inc,Arabic (Egyptian),Video Remote Interpretation,On Demand
Avantpage Inc,Arabic (Egyptian),Video Remote Interpretation,Schedule in Advance
Avantpage Inc,Bosnian,In-Person Interpretation (Consecutive),Schedule in Advance
Avantpage Inc,Bosnian,In-Person Interpretation (Simultaneous),Schedule in Advance
Avantpage Inc,Bosnian,Over the Phone Interpretation,Schedule in Advance
Avantpage Inc,Bosnian,Over the Phone Interpretation,On Demand
Avantpage Inc,Bosnian,Video Remote Interpretation,Schedule in Advance
Avantpage Inc,Bosnian,Video Remote Interpretation,On Demand
Avantpage Inc,Cantonese (Chinese),In-Person Interpretation (Consecutive),Schedule in Advance
Avantpage Inc,Cantonese (Chinese),In-Person Interpretation (Simultaneous),Schedule in Advance
Avantpage Inc,Cantonese (Chinese),Over the Phone Interpretation,On Demand
Avantpage Inc,Cantonese (Chinese),Over the Phone Interpretation,Schedule in Advance
Avantpage Inc,Cantonese (Chinese),Video Remote Interpretation,Schedule in Advance
Avantpage Inc,Cantonese (Chinese),Video Remote Interpretation,On Demand
Avantpage Inc,Chinese (Fujianese),In-Person Interpretation (Consecutive),Schedule in Advance
Avantpage Inc,Chinese (Fujianese),In-Person Interpretation (Simultaneous),Schedule in Advance
Avantpage Inc,Chinese (Fujianese),Over the Phone Interpretation,Schedule in Advance
Avantpage Inc,Chinese (Fujianese),Over the Phone Interpretation,On Demand
Avantpage Inc,Chinese (Fujianese),Video Remote Interpretation,Schedule in Advance
Avantpage Inc,Chinese (Fujianese),Video Remote Interpretation,On Demand
Avantpage Inc,Chinese (Fuzhounese),In-Person Interpretation (Consecutive),Schedule in Advance
Avantpage Inc,Chinese (Fuzhounese),In-Person Interpretation (Simultaneous),Schedule in Advance
Avantpage Inc,Chinese (Fuzhounese),Over the Phone Interpretation,Schedule in Advance
Avantpage Inc,Chinese (Fuzhounese),Over the Phone Interpretation,On Demand
Avantpage Inc,Chinese (Fuzhounese),Video Remote Interpretation,Schedule in Advance
Avantpage Inc,Chinese (Fuzhounese),Video Remote Interpretation,On Demand
Avantpage Inc,Chinese (Taishanese),In-Person Interpretation (Consecutive),Schedule in Advance
Avantpage Inc,Chinese (Taishanese),In-Person Interpretation (Simultaneous),Schedule in Advance
Avantpage Inc,Chinese (Taishanese),Over the Phone Interpretation,Schedule in Advance
Avantpage Inc,Chinese (Taishanese),Over the Phone Interpretation,On Demand
Avantpage Inc,Chinese (Taishanese),Video Remote Interpretation,On Demand
Avantpage Inc,Chinese (Taishanese),Video Remote Interpretation,Schedule in Advance
Avantpage Inc,Farsi (Persian),In-Person Interpretation (Consecutive),Schedule in Advance
Avantpage Inc,Farsi (Persian),In-Person Interpretation (Simultaneous),Schedule in Advance
Avantpage Inc,Farsi (Persian),Over the Phone Interpretation,On Demand
Avantpage Inc,Farsi (Persian),Over the Phone Interpretation,Schedule in Advance
Avantpage Inc,Farsi (Persian),Video Remote Interpretation,Schedule in Advance
Avantpage Inc,Farsi (Persian),Video Remote Interpretation,On Demand
Avantpage Inc,Fulani (Fula),In-Person Interpretation (Consecutive),Schedule in Advance
Avantpage Inc,Fulani (Fula),In-Person Interpretation (Simultaneous),Schedule in Advance
Avantpage Inc,Fulani (Fula),Over the Phone Interpretation,On Demand
Avantpage Inc,Fulani (Fula),Over the Phone Interpretation,Schedule in Advance
Avantpage Inc,Fulani (Fula),Video Remote Interpretation,On Demand
Avantpage Inc,Fulani (Fula),Video Remote Interpretation,Schedule in Advance
Avantpage Inc,Hungarian,In-Person Interpretation (Consecutive),Schedule in Advance
Avantpage Inc,Hungarian,In-Person Interpretation (Simultaneous),Schedule in Advance
Avantpage Inc,Hungarian,Over the Phone Interpretation,Schedule in Advance
Avantpage Inc,Hungarian,Over the Phone Interpretation,On Demand
Avantpage Inc,Hungarian,Video Remote Interpretation,Schedule in Advance
Avantpage Inc,Hungarian,Video Remote Interpretation,On Demand
Avantpage Inc,Karen,In-Person Interpretation (Consecutive),Schedule in Advance
Avantpage Inc,Karen,In-Person Interpretation (Simultaneous),Schedule in Advance
Avantpage Inc,Karen,Over the Phone Interpretation,Schedule in Advance
Avantpage Inc,Karen,Over the Phone Interpretation,On Demand
Avantpage Inc,Karen,Video Remote Interpretation,On Demand
Avantpage Inc,Karen,Video Remote Interpretation,Schedule in Advance
Avantpage Inc,Lao,In-Person Interpretation (Consecutive),Schedule in Advance
Avantpage Inc,Lao,In-Person Interpretation (Simultaneous),Schedule in Advance
Avantpage Inc,Lao,Over the Phone Interpretation,On Demand
Avantpage Inc,Lao,Over the Phone Interpretation,Schedule in Advance
Avantpage Inc,Lao,Video Remote Interpretation,Schedule in Advance
Avantpage Inc,Lao,Video Remote Interpretation,On Demand
Avantpage Inc,Latvian,In-Person Interpretation (Consecutive),Schedule in Advance
Avantpage Inc,Latvian,In-Person Interpretation (Simultaneous),Schedule in Advance
Avantpage Inc,Latvian,Over the Phone Interpretation,Schedule in Advance
Avantpage Inc,Latvian,Over the Phone Interpretation,On Demand
Avantpage Inc,Latvian,Video Remote Interpretation,On Demand
Avantpage Inc,Latvian,Video Remote Interpretation,Schedule in Advance
Avantpage Inc,Malayalam,In-Person Interpretation (Consecutive),Schedule in Advance
Avantpage Inc,Malayalam,In-Person Interpretation (Simultaneous),Schedule in Advance
Avantpage Inc,Malayalam,Over the Phone Interpretation,Schedule in Advance
Avantpage Inc,Malayalam,Over the Phone Interpretation,On Demand
Avantpage Inc,Malayalam,Video Remote Interpretation,On Demand
Avantpage Inc,Malayalam,Video Remote Interpretation,Schedule in Advance
Avantpage Inc,Mandinka,In-Person Interpretation (Consecutive),Schedule in Advance
Avantpage Inc,Mandinka,In-Person Interpretation (Simultaneous),Schedule in Advance
Avantpage Inc,Mandinka,Over the Phone Interpretation,Schedule in Advance
Avantpage Inc,Mandinka,Over the Phone Interpretation,On Demand
Avantpage Inc,Mandinka,Video Remote Interpretation,Schedule in Advance
Avantpage Inc,Mandinka,Video Remote Interpretation,On Demand
Avantpage Inc,Rohingya,In-Person Interpretation (Consecutive),Schedule in Advance
Avantpage Inc,Rohingya,In-Person Interpretation (Simultaneous),Schedule in Advance
Avantpage Inc,Rohingya,Over the Phone Interpretation,Schedule in Advance
Avantpage Inc,Rohingya,Over the Phone Interpretation,On Demand
Avantpage Inc,Rohingya,Video Remote Interpretation,On Demand
Avantpage Inc,Rohingya,Video Remote Interpretation,Schedule in Advance
Avantpage Inc,Romanian,In-Person Interpretation (Consecutive),Schedule in Advance
Avantpage Inc,Romanian,In-Person Interpretation (Simultaneous),Schedule in Advance
Avantpage Inc,Romanian,Over the Phone Interpretation,Schedule in Advance
Avantpage Inc,Romanian,Over the Phone Interpretation,On Demand
Avantpage Inc,Romanian,Video Remote Interpretation,On Demand
Avantpage Inc,Romanian,Video Remote Interpretation,Schedule in Advance
Avantpage Inc,Serbian,In-Person Interpretation (Consecutive),Schedule in Advance
Avantpage Inc,Serbian,In-Person Interpretation (Simultaneous),Schedule in Advance
Avantpage Inc,Serbian,Over the Phone Interpretation,Schedule in Advance
Avantpage Inc,Serbian,Over the Phone Interpretation,On Demand
Avantpage Inc,Serbian,Video Remote Interpretation,On Demand
Avantpage Inc,Serbian,Video Remote Interpretation,Schedule in Advance
Avantpage Inc,Slovak,In-Person Interpretation (Consecutive),Schedule in Advance
Avantpage Inc,Slovak,In-Person Interpretation (Simultaneous),Schedule in Advance
Avantpage Inc,Slovak,Over the Phone Interpretation,Schedule in Advance
Avantpage Inc,Slovak,Over the Phone Interpretation,On Demand
Avantpage Inc,Slovak,Video Remote Interpretation,On Demand
Avantpage Inc,Slovak,Video Remote Interpretation,Schedule in Advance
Avantpage Inc,Somali,In-Person Interpretation (Consecutive),Schedule in Advance
Avantpage Inc,Somali,In-Person Interpretation (Simultaneous),Schedule in Advance
Avantpage Inc,Somali,Over the Phone Interpretation,Schedule in Advance
Avantpage Inc,Somali,Over the Phone Interpretation,On Demand
Avantpage Inc,Somali,Video Remote Interpretation,On Demand
Avantpage Inc,Somali,Video Remote Interpretation,Schedule in Advance
Avantpage Inc,Swahili,In-Person Interpretation (Consecutive),Schedule in Advance
Avantpage Inc,Swahili,In-Person Interpretation (Simultaneous),Schedule in Advance
Avantpage Inc,Swahili,Over the Phone Interpretation,Schedule in Advance
Avantpage Inc,Swahili,Over the Phone Interpretation,On Demand
Avantpage Inc,Swahili,Video Remote Interpretation,Schedule in Advance
Avantpage Inc,Swahili,Video Remote Interpretation,On Demand
Avantpage Inc,Sylheti,In-Person Interpretation (Consecutive),Schedule in Advance
Avantpage Inc,Sylheti,In-Person Interpretation (Simultaneous),Schedule in Advance
Avantpage Inc,Sylheti,Over the Phone Interpretation,On Demand
Avantpage Inc,Sylheti,Over the Phone Interpretation,Schedule in Advance
Avantpage Inc,Sylheti,Video Remote Interpretation,On Demand
Avantpage Inc,Sylheti,Video Remote Interpretation,Schedule in Advance
Avantpage Inc,Tamil,In-Person Interpretation (Consecutive),Schedule in Advance
Avantpage Inc,Tamil,In-Person Interpretation (Simultaneous),Schedule in Advance
Avantpage Inc,Tamil,Over the Phone Interpretation,On Demand
Avantpage Inc,Tamil,Over the Phone Interpretation,Schedule in Advance
Avantpage Inc,Tamil,Video Remote Interpretation,Schedule in Advance
Avantpage Inc,Tamil,Video Remote Interpretation,On Demand
Avantpage Inc,Tibetan,In-Person Interpretation (Consecutive),Schedule in Advance
Avantpage Inc,Tibetan,In-Person Interpretation (Simultaneous),Schedule in Advance
Avantpage Inc,Tibetan,Over the Phone Interpretation,On Demand
Avantpage Inc,Tibetan,Over the Phone Interpretation,Schedule in Advance
Avantpage Inc,Tibetan,Video Remote Interpretation,On Demand
Avantpage Inc,Tibetan,Video Remote Interpretation,Schedule in Advance
Avantpage Inc,Tigrigna (Tigrinya),In-Person Interpretation (Consecutive),Schedule in Advance
Avantpage Inc,Tigrigna (Tigrinya),In-Person Interpretation (Simultaneous),Schedule in Advance
Avantpage Inc,Tigrigna (Tigrinya),Over the Phone Interpretation,On Demand
Avantpage Inc,Tigrigna (Tigrinya),Over the Phone Interpretation,Schedule in Advance
Avantpage Inc,Tigrigna (Tigrinya),Video Remote Interpretation,Schedule in Advance
Avantpage Inc,Tigrigna (Tigrinya),Video Remote Interpretation,On Demand
Avantpage Inc,Turkish,In-Person Interpretation (Consecutive),Schedule in Advance
Avantpage Inc,Turkish,In-Person Interpretation (Simultaneous),Schedule in Advance
Avantpage Inc,Turkish,Over the Phone Interpretation,Schedule in Advance
Avantpage Inc,Turkish,Over the Phone Interpretation,On Demand
Avantpage Inc,Turkish,Video Remote Interpretation,On Demand
Avantpage Inc,Turkish,Video Remote Interpretation,Schedule in Advance
Avantpage Inc,Twi,In-Person Interpretation (Consecutive),Schedule in Advance
Avantpage Inc,Twi,In-Person Interpretation (Simultaneous),Schedule in Advance
Avantpage Inc,Twi,Over the Phone Interpretation,On Demand
Avantpage Inc,Twi,Over the Phone Interpretation,Schedule in Advance
Avantpage Inc,Twi,Video Remote Interpretation,Schedule in Advance
Avantpage Inc,Twi,Video Remote Interpretation,On Demand
Avantpage Inc,Uzbek,In-Person Interpretation (Consecutive),Schedule in Advance
Avantpage Inc,Uzbek,In-Person Interpretation (Simultaneous),Schedule in Advance
Avantpage Inc,Uzbek,Over the Phone Interpretation,On Demand
Avantpage Inc,Uzbek,Over the Phone Interpretation,Schedule in Advance
Avantpage Inc,Uzbek,Video Remote Interpretation,On Demand
Avantpage Inc,Uzbek,Video Remote Interpretation,Schedule in Advance
Barbier International Inc,Acehnese,Over the Phone Interpretation,Schedule in Advance
Barbier International Inc,Achi (Calbulco),Video Remote Interpretation,Schedule in Advance
Barbier International Inc,Achi (Rabinal),Video Remote Interpretation,Schedule in Advance
Barbier International Inc,Acoli,Over the Phone Interpretation,Schedule in Advance
Barbier International Inc,Adele,Over the Phone Interpretation,Schedule in Advance
Barbier International Inc,Aderi,Over the Phone Interpretation,Schedule in Advance
Barbier International Inc,Afar,Over the Phone Interpretation,Schedule in Advance
Barbier International Inc,Afrikaans,Over the Phone Interpretation,Schedule in Advance
Barbier International Inc,Akan,Over the Phone Interpretation,Schedule in Advance
Barbier International Inc,Akan,Over the Phone Interpretation,Schedule in Advance
Barbier International Inc,Akateko (Akatek),Video Remote Interpretation,Schedule in Advance
Barbier International Inc,Albanian,Over the Phone Interpretation,On Demand
Barbier International Inc,Albanian,Video Remote Interpretation,Schedule in Advance
Barbier International Inc,Algerian,Over the Phone Interpretation,Schedule in Advance
Barbier International Inc,American Sign Language,Video Remote Interpretation,On Demand
Barbier International Inc,Amharic,Over the Phone Interpretation,On Demand
Barbier International Inc,Amharic,Video Remote Interpretation,Schedule in Advance
Barbier International Inc,Apoi,Over the Phone Interpretation,Schedule in Advance
Barbier International Inc,Arabic,Over the Phone Interpretation,On Demand
Barbier International Inc,Arabic,Over the Phone Interpretation,Schedule in Advance
Barbier International Inc,Arabic,Video Remote Interpretation,On Demand
Barbier International Inc,Arabic,Video Remote Interpretation,Schedule in Advance
Barbier International Inc,Arabic (Chadian),Over the Phone Interpretation,Schedule in Advance
Barbier International Inc,Arabic (Egyptian),Over the Phone Interpretation,Schedule in Advance
Barbier International Inc,Arabic (Ghulfan),Over the Phone Interpretation,Schedule in Advance
Barbier International Inc,Arabic (Lebanese),Over the Phone Interpretation,Schedule in Advance
Barbier International Inc,Arakanese,Over the Phone Interpretation,Schedule in Advance
Barbier International Inc,Aramaic,Over the Phone Interpretation,Schedule in Advance
Barbier International Inc,Armenian,Over the Phone Interpretation,On Demand
Barbier International Inc,Asante (Ashanti),Over the Phone Interpretation,Schedule in Advance
Barbier International Inc,Asante (Ashanti),Over the Phone Interpretation,On Demand
Barbier International Inc,Assamese,Over the Phone Interpretation,Schedule in Advance
Barbier International Inc,Assyrian,Over the Phone Interpretation,Schedule in Advance
Barbier International Inc,"Awakatek (Aguacateco, Aguateco)",Over the Phone Interpretation,Schedule in Advance
Barbier International Inc,"Awakatek (Aguacateco, Aguateco)",Video Remote Interpretation,Schedule in Advance
Barbier International Inc,Azerbaijani,Over the Phone Interpretation,Schedule in Advance
Barbier International Inc,Azeri (Cyrillic),Over the Phone Interpretation,Schedule in Advance
Barbier International Inc,Azeri (Latin),Over the Phone Interpretation,Schedule in Advance
Barbier International Inc,Azeri (Turkish),Over the Phone Interpretation,Schedule in Advance
Barbier International Inc,Bahasa (Malaysian),Over the Phone Interpretation,Schedule in Advance
Barbier International Inc,Bajuni,Over the Phone Interpretation,Schedule in Advance
Barbier International Inc,Balochi,Over the Phone Interpretation,Schedule in Advance
Barbier International Inc,Bamanankan,Over the Phone Interpretation,Schedule in Advance
Barbier International Inc,Bamanankan,Over the Phone Interpretation,Schedule in Advance
Barbier International Inc,Bambara,Over the Phone Interpretation,Schedule in Advance
Barbier International Inc,Bangla,Over the Phone Interpretation,On Demand
Barbier International Inc,Bangla,Video Remote Interpretation,Schedule in Advance
Barbier International Inc,Basa Sunda,Over the Phone Interpretation,On Demand
Barbier International Inc,Bashkir,Over the Phone Interpretation,Schedule in Advance
Barbier International Inc,Basque (Euskera),Over the Phone Interpretation,Schedule in Advance
Barbier International Inc,Bassa,Over the Phone Interpretation,Schedule in Advance
Barbier International Inc,Belarusian,Over the Phone Interpretation,Schedule in Advance
Barbier International Inc,Bembe (Kibembe),Video Remote Interpretation,Schedule in Advance
Barbier International Inc,Berber,Over the Phone Interpretation,Schedule in Advance
Barbier International Inc,Bosnian,Over the Phone Interpretation,On Demand
Barbier International Inc,Bosnian,Over the Phone Interpretation,On Demand
Barbier International Inc,Bosnian,Video Remote Interpretation,Schedule in Advance
Barbier International Inc,Breton,Over the Phone Interpretation,Schedule in Advance
Barbier International Inc,Bulgarian,Over the Phone Interpretation,On Demand
Barbier International Inc,Bulgarian,Video Remote Interpretation,Schedule in Advance
Barbier International Inc,Burmese,Over the Phone Interpretation,On Demand
Barbier International Inc,Burmese,Video Remote Interpretation,On Demand
Barbier International Inc,Buryat,Over the Phone Interpretation,Schedule in Advance
Barbier International Inc,Cambodian,Over the Phone Interpretation,On Demand
Barbier International Inc,Cambodian,Video Remote Interpretation,On Demand
Barbier International Inc,Cantonese (Chinese),Over the Phone Interpretation,On Demand
Barbier International Inc,Cantonese (Chinese),Over the Phone Interpretation,Schedule in Advance
Barbier International Inc,Cantonese (Chinese),Video Remote Interpretation,Schedule in Advance
Barbier International Inc,Cantonese (Chinese),Over the Phone Interpretation,On Demand
Barbier International Inc,Cantonese (Chinese),Video Remote Interpretation,On Demand
Barbier International Inc,Cape Verdean Creole,Over the Phone Interpretation,On Demand
Barbier International Inc,Carolinean,Over the Phone Interpretation,Schedule in Advance
Barbier International Inc,Catalan,Over the Phone Interpretation,Schedule in Advance
Barbier International Inc,Cebuano,Over the Phone Interpretation,On Demand
Barbier International Inc,Cebuano,Video Remote Interpretation,Schedule in Advance
Barbier International Inc,Ch’orti’,Video Remote Interpretation,Schedule in Advance
Barbier International Inc,Chaldean,Over the Phone Interpretation,Schedule in Advance
Barbier International Inc,Chamorro,Over the Phone Interpretation,Schedule in Advance
Barbier International Inc,Chao-Chow,Over the Phone Interpretation,On Demand
Barbier International Inc,Chin (Falam),Over the Phone Interpretation,Schedule in Advance
Barbier International Inc,Chin (Hakha),Over the Phone Interpretation,On Demand
Barbier International Inc,Chin (Lai),Over the Phone Interpretation,Schedule in Advance
Barbier International Inc,Chin (Mara),Over the Phone Interpretation,Schedule in Advance
Barbier International Inc,Chin (Matu),Over the Phone Interpretation,Schedule in Advance
Barbier International Inc,Chin (Mizo),Over the Phone Interpretation,Schedule in Advance
Barbier International Inc,Chin (Tedim),Over the Phone Interpretation,Schedule in Advance
Barbier International Inc,Chin (Zophei),Over the Phone Interpretation,Schedule in Advance
Barbier International Inc,Chinese (Fujianese),Over the Phone Interpretation,Schedule in Advance
Barbier International Inc,Chinese (Fukienese),Over the Phone Interpretation,Schedule in Advance
Barbier International Inc,Chinese (Fuzhou),Over the Phone Interpretation,Schedule in Advance
Barbier International Inc,Chinese (Fuzhounese),Over the Phone Interpretation,Schedule in Advance
Barbier International Inc,Chinese (Hainanese),Over the Phone Interpretation,Schedule in Advance
Barbier International Inc,Chinese (Hakka),Over the Phone Interpretation,Schedule in Advance
Barbier International Inc,Chinese (Hokkien),Over the Phone Interpretation,Schedule in Advance
Barbier International Inc,Chinese (Shanghainese),Over the Phone Interpretation,On Demand
Barbier International Inc,Chinese (Taishanese),Over the Phone Interpretation,Schedule in Advance
Barbier International Inc,Chinese (Toisanese),Over the Phone Interpretation,Schedule in Advance
Barbier International Inc,Chinese (Wenzhounese),Over the Phone Interpretation,Schedule in Advance
Barbier International Inc,Chinese Xiang,Over the Phone Interpretation,Schedule in Advance
Barbier International Inc,Chinn,Over the Phone Interpretation,Schedule in Advance
Barbier International Inc,Chuj,Video Remote Interpretation,Schedule in Advance
Barbier International Inc,Chuukese,Over the Phone Interpretation,Schedule in Advance
Barbier International Inc,Corsican,Over the Phone Interpretation,Schedule in Advance
Barbier International Inc,Cotocoli,Over the Phone Interpretation,Schedule in Advance
Barbier International Inc,Croatian,Over the Phone Interpretation,On Demand
Barbier International Inc,Croatian,Video Remote Interpretation,Schedule in Advance
Barbier International Inc,Czech,Over the Phone Interpretation,On Demand
Barbier International Inc,Danish,Over the Phone Interpretation,Schedule in Advance
Barbier International Inc,Dinka,Over the Phone Interpretation,Schedule in Advance
Barbier International Inc,Diola,Over the Phone Interpretation,Schedule in Advance
Barbier International Inc,Divehi,Over the Phone Interpretation,Schedule in Advance
Barbier International Inc,Dutch,Over the Phone Interpretation,Schedule in Advance
Barbier International Inc,Dyula,Over the Phone Interpretation,Schedule in Advance
Barbier International Inc,Dyula,Video Remote Interpretation,Schedule in Advance
Barbier International Inc,Edo,Over the Phone Interpretation,Schedule in Advance
Barbier International Inc,Estonian,Over the Phone Interpretation,Schedule in Advance
Barbier International Inc,Ewe,Over the Phone Interpretation,Schedule in Advance
Barbier International Inc,Ewe,Over the Phone Interpretation,Schedule in Advance
Barbier International Inc,Fanti,Over the Phone Interpretation,Schedule in Advance
Barbier International Inc,Farsi (Afghani),Over the Phone Interpretation,On Demand
Barbier International Inc,Farsi (Afghani),Video Remote Interpretation,On Demand
Barbier International Inc,Farsi (Iranian),Over the Phone Interpretation,On Demand
Barbier International Inc,Farsi (Iranian),Over the Phone Interpretation,On Demand
Barbier International Inc,Farsi (Iranian),Video Remote Interpretation,On Demand
Barbier International Inc,Farsi (Iranian),Video Remote Interpretation,On Demand
Barbier International Inc,Farsi (Persian),Over the Phone Interpretation,On Demand
Barbier International Inc,Farsi (Persian),Over the Phone Interpretation,On Demand
Barbier International Inc,Farsi (Persian),Video Remote Interpretation,On Demand
Barbier International Inc,Filipino (Tagalog),Over the Phone Interpretation,On Demand
Barbier International Inc,Filipino (Tagalog),Video Remote Interpretation,On Demand
Barbier International Inc,Finnish,Over the Phone Interpretation,Schedule in Advance
Barbier International Inc,Flemish,Over the Phone Interpretation,Schedule in Advance
Barbier International Inc,French,Over the Phone Interpretation,On Demand
Barbier International Inc,French,Video Remote Interpretation,On Demand
Barbier International Inc,French (Canadian),Over the Phone Interpretation,On Demand
Barbier International Inc,French (Canadian),Video Remote Interpretation,Schedule in Advance
Barbier International Inc,French Creole,Over the Phone Interpretation,On Demand
Barbier International Inc,Frisian,Over the Phone Interpretation,Schedule in Advance
Barbier International Inc,Fulani (Fula),Over the Phone Interpretation,Schedule in Advance
Barbier International Inc,Fulani (Fula),Over the Phone Interpretation,Schedule in Advance
Barbier International Inc,Fuqing,Over the Phone Interpretation,On Demand
Barbier International Inc,Ga,Over the Phone Interpretation,Schedule in Advance
Barbier International Inc,Galician,Over the Phone Interpretation,Schedule in Advance
Barbier International Inc,Garre,Over the Phone Interpretation,Schedule in Advance
Barbier International Inc,Georgian,Over the Phone Interpretation,Schedule in Advance
Barbier International Inc,German,Over the Phone Interpretation,On Demand
Barbier International Inc,Greek,Over the Phone Interpretation,On Demand
Barbier International Inc,Greek,Video Remote Interpretation,Schedule in Advance
Barbier International Inc,Greenlandic,Over the Phone Interpretation,Schedule in Advance
Barbier International Inc,Guarani,Over the Phone Interpretation,Schedule in Advance
Barbier International Inc,Guere,Over the Phone Interpretation,Schedule in Advance
Barbier International Inc,Guinea-Bissau Creole,Over the Phone Interpretation,Schedule in Advance
Barbier International Inc,Guinea‐Bissau Creole,Over the Phone Interpretation,Schedule in Advance
Barbier International Inc,Gujarati,Over the Phone Interpretation,Schedule in Advance
Barbier International Inc,Gujarati,Video Remote Interpretation,Schedule in Advance
Barbier International Inc,Haitian Creole,Over the Phone Interpretation,On Demand
Barbier International Inc,Haitian Creole,Video Remote Interpretation,On Demand
Barbier International Inc,Hausa,Over the Phone Interpretation,Schedule in Advance
Barbier International Inc,Hebrew,Over the Phone Interpretation,On Demand
Barbier International Inc,Hiligaynon,Over the Phone Interpretation,Schedule in Advance
Barbier International Inc,Hiligaynon,Video Remote Interpretation,Schedule in Advance
Barbier International Inc,Hindi,Over the Phone Interpretation,On Demand
Barbier International Inc,Hindi,Video Remote Interpretation,On Demand
Barbier International Inc,Hmong,Over the Phone Interpretation,On Demand
Barbier International Inc,Hmong,Video Remote Interpretation,Schedule in Advance
Barbier International Inc,Hunan,Over the Phone Interpretation,On Demand
Barbier International Inc,Hungarian,Over the Phone Interpretation,On Demand
Barbier International Inc,Hungarian,Over the Phone Interpretation,On Demand
Barbier International Inc,Hungarian,Video Remote Interpretation,On Demand
Barbier International Inc,Igbo,Over the Phone Interpretation,Schedule in Advance
Barbier International Inc,Ilocano,Over the Phone Interpretation,On Demand
Barbier International Inc,Ilonggo,Over the Phone Interpretation,Schedule in Advance
Barbier International Inc,Indonesian,Over the Phone Interpretation,Schedule in Advance
Barbier International Inc,Indonesian,Video Remote Interpretation,Schedule in Advance
Barbier International Inc,Inuktitut,Over the Phone Interpretation,Schedule in Advance
Barbier International Inc,Irish,Over the Phone Interpretation,Schedule in Advance
Barbier International Inc,Itza’,Video Remote Interpretation,Schedule in Advance
Barbier International Inc,Ixil,Video Remote Interpretation,Schedule in Advance
Barbier International Inc,Jakaltek,Video Remote Interpretation,Schedule in Advance
Barbier International Inc,Jamaican Patuá,Over the Phone Interpretation,Schedule in Advance
Barbier International Inc,Jamaican Patuá,Over the Phone Interpretation,Schedule in Advance
Barbier International Inc,Japanese,Over the Phone Interpretation,On Demand
Barbier International Inc,Japanese,Video Remote Interpretation,Schedule in Advance
Barbier International Inc,Jawanese,Over the Phone Interpretation,Schedule in Advance
Barbier International Inc,Jiangsu,Over the Phone Interpretation,Schedule in Advance
Barbier International Inc,Jola‐Fonyi,Over the Phone Interpretation,On Demand
Barbier International Inc,Jordanian,Over the Phone Interpretation,Schedule in Advance
Barbier International Inc,Kabiye,Over the Phone Interpretation,On Demand
Barbier International Inc,Kachin,Over the Phone Interpretation,Schedule in Advance
Barbier International Inc,Kannada,Over the Phone Interpretation,Schedule in Advance
Barbier International Inc,Kapampangan (Pampango),Over the Phone Interpretation,Schedule in Advance
Barbier International Inc,Kaqchikel,Over the Phone Interpretation,Schedule in Advance
Barbier International Inc,Kara,Over the Phone Interpretation,Schedule in Advance
Barbier International Inc,Karen,Over the Phone Interpretation,On Demand
Barbier International Inc,Karen,Over the Phone Interpretation,Schedule in Advance
Barbier International Inc,Karen,Over the Phone Interpretation,On Demand
Barbier International Inc,Karen,Video Remote Interpretation,Schedule in Advance
Barbier International Inc,Karen (Pwo),Over the Phone Interpretation,Schedule in Advance
Barbier International Inc,Kazakh,Over the Phone Interpretation,Schedule in Advance
Barbier International Inc,Khmer (Cambodian),Over the Phone Interpretation,On Demand
Barbier International Inc,Khmer (Cambodian),Video Remote Interpretation,On Demand
Barbier International Inc,Kibajuni,Over the Phone Interpretation,On Demand
Barbier International Inc,K'iche',Over the Phone Interpretation,Schedule in Advance
Barbier International Inc,K'iche',Video Remote Interpretation,Schedule in Advance
Barbier International Inc,Kikongo,Over the Phone Interpretation,Schedule in Advance
Barbier International Inc,Kikuyu,Over the Phone Interpretation,Schedule in Advance
Barbier International Inc,Kinkani,Over the Phone Interpretation,Schedule in Advance
Barbier International Inc,Kinyamulenge,Over the Phone Interpretation,On Demand
Barbier International Inc,Kinyarwanda,Over the Phone Interpretation,On Demand
Barbier International Inc,Kinyarwanda,Video Remote Interpretation,On Demand
Barbier International Inc,Kirundi,Over the Phone Interpretation,On Demand
Barbier International Inc,Kirundi,Over the Phone Interpretation,Schedule in Advance
Barbier International Inc,Kirundi,Video Remote Interpretation,Schedule in Advance
Barbier International Inc,Kiswahili,Over the Phone Interpretation,On Demand
Barbier International Inc,Kiswahili,Video Remote Interpretation,On Demand
Barbier International Inc,Kituba,Over the Phone Interpretation,Schedule in Advance
Barbier International Inc,Korean,Over the Phone Interpretation,On Demand
Barbier International Inc,Korean,Video Remote Interpretation,On Demand
Barbier International Inc,Kosraean,Over the Phone Interpretation,Schedule in Advance
Barbier International Inc,Kpelle,Over the Phone Interpretation,Schedule in Advance
Barbier International Inc,Kunama,Over the Phone Interpretation,Schedule in Advance
Barbier International Inc,Kurdish,Over the Phone Interpretation,On Demand
Barbier International Inc,Kurdish (Badini),Over the Phone Interpretation,On Demand
Barbier International Inc,Kurdish (Bahdini),Over the Phone Interpretation,On Demand
Barbier International Inc,Kurdish (Kurman),Over the Phone Interpretation,On Demand
Barbier International Inc,Kurdish (Sorani),Over the Phone Interpretation,On Demand
Barbier International Inc,Kurmanji,Over the Phone Interpretation,On Demand
Barbier International Inc,Lao,Over the Phone Interpretation,On Demand
Barbier International Inc,Lao (Laotian),Over the Phone Interpretation,On Demand
Barbier International Inc,Latvian,Over the Phone Interpretation,Schedule in Advance
Barbier International Inc,Latvian,Over the Phone Interpretation,On Demand
Barbier International Inc,Leta,Over the Phone Interpretation,Schedule in Advance
Barbier International Inc,Lingala,Over the Phone Interpretation,On Demand
Barbier International Inc,Lithuanian,Over the Phone Interpretation,Schedule in Advance
Barbier International Inc,Loma (Liberian),Over the Phone Interpretation,Schedule in Advance
Barbier International Inc,Lower Sorbian,Over the Phone Interpretation,Schedule in Advance
Barbier International Inc,Luganda,Over the Phone Interpretation,On Demand
Barbier International Inc,Luo,Over the Phone Interpretation,On Demand
Barbier International Inc,Luxembourgish,Over the Phone Interpretation,Schedule in Advance
Barbier International Inc,Maay Maay,Over the Phone Interpretation,On Demand
Barbier International Inc,Macanese Patuá,Over the Phone Interpretation,Schedule in Advance
Barbier International Inc,Macedonian,Over the Phone Interpretation,On Demand
Barbier International Inc,Macedonian,Video Remote Interpretation,Schedule in Advance
Barbier International Inc,Malay,Over the Phone Interpretation,Schedule in Advance
Barbier International Inc,Malayalam,Over the Phone Interpretation,Schedule in Advance
Barbier International Inc,Malayalam,Over the Phone Interpretation,Schedule in Advance
Barbier International Inc,Malayalam,Video Remote Interpretation,Schedule in Advance
Barbier International Inc,Malaysian,Over the Phone Interpretation,Schedule in Advance
Barbier International Inc,Maldivian,Over the Phone Interpretation,Schedule in Advance
Barbier International Inc,Malinke,Over the Phone Interpretation,Schedule in Advance
Barbier International Inc,Maltese,Over the Phone Interpretation,Schedule in Advance
Barbier International Inc,Mam,Over the Phone Interpretation,Schedule in Advance
Barbier International Inc,Mam,Video Remote Interpretation,Schedule in Advance
Barbier International Inc,Mandarin (Chinese),Over the Phone Interpretation,On Demand
Barbier International Inc,Mandarin (Chinese),Video Remote Interpretation,On Demand
Barbier International Inc,Mandingo,Over the Phone Interpretation,Schedule in Advance
Barbier International Inc,Mandinka,Over the Phone Interpretation,Schedule in Advance
Barbier International Inc,Mandinka,Over the Phone Interpretation,Schedule in Advance
Barbier International Inc,Maori,Over the Phone Interpretation,Schedule in Advance
Barbier International Inc,Mapudungun,Over the Phone Interpretation,Schedule in Advance
Barbier International Inc,Marathi (Indian),Over the Phone Interpretation,Schedule in Advance
Barbier International Inc,Marshallese,Over the Phone Interpretation,Schedule in Advance
Barbier International Inc,Maya,Video Remote Interpretation,Schedule in Advance
Barbier International Inc,Mazateco,Video Remote Interpretation,Schedule in Advance
Barbier International Inc,Mbay,Over the Phone Interpretation,Schedule in Advance
Barbier International Inc,Mende,Over the Phone Interpretation,Schedule in Advance
Barbier International Inc,Mien,Over the Phone Interpretation,Schedule in Advance
Barbier International Inc,Mina (Togolese),Over the Phone Interpretation,Schedule in Advance
Barbier International Inc,Mirpuri,Over the Phone Interpretation,Schedule in Advance
Barbier International Inc,Miskito,Video Remote Interpretation,Schedule in Advance
Barbier International Inc,Mixteco (Alto),Video Remote Interpretation,Schedule in Advance
Barbier International Inc,Mixteco (Bajo),Video Remote Interpretation,Schedule in Advance
Barbier International Inc,Mohawk,Over the Phone Interpretation,Schedule in Advance
Barbier International Inc,Moldovan,Over the Phone Interpretation,On Demand
Barbier International Inc,Mongolian,Over the Phone Interpretation,On Demand
Barbier International Inc,Montenegrin,Over the Phone Interpretation,Schedule in Advance
Barbier International Inc,Mopán,Video Remote Interpretation,Schedule in Advance
Barbier International Inc,Mushunguli,Over the Phone Interpretation,Schedule in Advance
Barbier International Inc,Nahuátl,Over the Phone Interpretation,Schedule in Advance
Barbier International Inc,Nahuátl,Video Remote Interpretation,Schedule in Advance
Barbier International Inc,Nahuátl,Video Remote Interpretation,Schedule in Advance
Barbier International Inc,Navajo,Over the Phone Interpretation,Schedule in Advance
Barbier International Inc,Neapolitan,Over the Phone Interpretation,On Demand
Barbier International Inc,Nepali,Over the Phone Interpretation,On Demand
Barbier International Inc,Nepali,Video Remote Interpretation,On Demand
Barbier International Inc,Nigerian (Pidgin English),Over the Phone Interpretation,Schedule in Advance
Barbier International Inc,Ningbo,Over the Phone Interpretation,Schedule in Advance
Barbier International Inc,Norwegian,Over the Phone Interpretation,Schedule in Advance
Barbier International Inc,Occitan,Over the Phone Interpretation,Schedule in Advance
Barbier International Inc,Oriya,Over the Phone Interpretation,Schedule in Advance
Barbier International Inc,Oromifa,Over the Phone Interpretation,Schedule in Advance
Barbier International Inc,Oromo,Over the Phone Interpretation,On Demand
Barbier International Inc,Pahari,Over the Phone Interpretation,Schedule in Advance
Barbier International Inc,Pangasinan,Over the Phone Interpretation,Schedule in Advance
Barbier International Inc,Papiamiento,Over the Phone Interpretation,Schedule in Advance
Barbier International Inc,Pashto,Over the Phone Interpretation,On Demand
Barbier International Inc,Pashto,Video Remote Interpretation,On Demand
Barbier International Inc,Pidgin,Over the Phone Interpretation,Schedule in Advance
Barbier International Inc,Polish,Over the Phone Interpretation,On Demand
Barbier International Inc,Polish,Video Remote Interpretation,On Demand
Barbier International Inc,Poptí,Video Remote Interpretation,Schedule in Advance
Barbier International Inc,Poqomam,Video Remote Interpretation,Schedule in Advance
Barbier International Inc,Portuguese (Brazilian),Over the Phone Interpretation,On Demand
Barbier International Inc,Portuguese (Brazilian),Video Remote Interpretation,Schedule in Advance
Barbier International Inc,Portuguese (Continental),Over the Phone Interpretation,On Demand
Barbier International Inc,Portuguese (Continental),Video Remote Interpretation,On Demand
Barbier International Inc,Portuguese Creole,Over the Phone Interpretation,Schedule in Advance
Barbier International Inc,Pulaar,Over the Phone Interpretation,Schedule in Advance
Barbier International Inc,Pulaar,Video Remote Interpretation,Schedule in Advance
Barbier International Inc,Punjabi,Over the Phone Interpretation,On Demand
Barbier International Inc,Punjabi,Video Remote Interpretation,On Demand
Barbier International Inc,Q’anjob’al,Video Remote Interpretation,Schedule in Advance
Barbier International Inc,Q’eqchi’,Over the Phone Interpretation,Schedule in Advance
Barbier International Inc,Q’eqchi’,Video Remote Interpretation,Schedule in Advance
Barbier International Inc,Quechua,Over the Phone Interpretation,Schedule in Advance
Barbier International Inc,Quiché,Over the Phone Interpretation,Schedule in Advance
Barbier International Inc,Quiché,Video Remote Interpretation,Schedule in Advance
Barbier International Inc,Rahkine,Over the Phone Interpretation,Schedule in Advance
Barbier International Inc,Rohingya,Over the Phone Interpretation,On Demand
Barbier International Inc,Rohingya,Over the Phone Interpretation,On Demand
Barbier International Inc,Rohingya,Video Remote Interpretation,Schedule in Advance
Barbier International Inc,Romanian,Over the Phone Interpretation,On Demand
Barbier International Inc,Romanian,Over the Phone Interpretation,On Demand
Barbier International Inc,Romanian,Video Remote Interpretation,On Demand
Barbier International Inc,Russian,Over the Phone Interpretation,On Demand
Barbier International Inc,Russian,Video Remote Interpretation,On Demand
Barbier International Inc,Sakapulteko,Video Remote Interpretation,Schedule in Advance
Barbier International Inc,Sami (Inari),Over the Phone Interpretation,Schedule in Advance
Barbier International Inc,Sami (Lule),Over the Phone Interpretation,Schedule in Advance
Barbier International Inc,Sami (Northern),Over the Phone Interpretation,Schedule in Advance
Barbier International Inc,Samoan,Over the Phone Interpretation,Schedule in Advance
Barbier International Inc,Sango,Over the Phone Interpretation,Schedule in Advance
Barbier International Inc,Sanskrit,Over the Phone Interpretation,Schedule in Advance
Barbier International Inc,Saraiki,Over the Phone Interpretation,Schedule in Advance
Barbier International Inc,Scottish Gaelic,Over the Phone Interpretation,Schedule in Advance
Barbier International Inc,Serbian,Over the Phone Interpretation,On Demand
Barbier International Inc,Serbian,Over the Phone Interpretation,On Demand
Barbier International Inc,Serbian,Video Remote Interpretation,Schedule in Advance
Barbier International Inc,Sethang,Over the Phone Interpretation,Schedule in Advance
Barbier International Inc,Setswana,Over the Phone Interpretation,Schedule in Advance
Barbier International Inc,Shona,Over the Phone Interpretation,Schedule in Advance
Barbier International Inc,Sichuan,Over the Phone Interpretation,Schedule in Advance
Barbier International Inc,Sicilian,Over the Phone Interpretation,Schedule in Advance
Barbier International Inc,Sinhalese,Over the Phone Interpretation,Schedule in Advance
Barbier International Inc,Sipakapense,Video Remote Interpretation,Schedule in Advance
Barbier International Inc,Slovak,Over the Phone Interpretation,On Demand
Barbier International Inc,Slovak,Over the Phone Interpretation,On Demand
Barbier International Inc,Slovenian,Over the Phone Interpretation,Schedule in Advance
Barbier International Inc,Smi (Skolt),Over the Phone Interpretation,Schedule in Advance
Barbier International Inc,Smi (Southern),Over the Phone Interpretation,Schedule in Advance
Barbier International Inc,Somali,Over the Phone Interpretation,On Demand
Barbier International Inc,Somali,Over the Phone Interpretation,On Demand
Barbier International Inc,Somali,Over the Phone Interpretation,Schedule in Advance
Barbier International Inc,Somali,Video Remote Interpretation,On Demand
Barbier International Inc,Somali,Video Remote Interpretation,Schedule in Advance
Barbier International Inc,Soninke,Over the Phone Interpretation,Schedule in Advance
Barbier International Inc,Soninke,Over the Phone Interpretation,Schedule in Advance
Barbier International Inc,Soninke,Video Remote Interpretation,Schedule in Advance
Barbier International Inc,Sorani,Over the Phone Interpretation,On Demand
Barbier International Inc,Sorbian (Upper),Over the Phone Interpretation,Schedule in Advance
Barbier International Inc,Sotho,Over the Phone Interpretation,Schedule in Advance
Barbier International Inc,Sri Lankan (Tamil),Over the Phone Interpretation,Schedule in Advance
Barbier International Inc,Swahili,Over the Phone Interpretation,On Demand
Barbier International Inc,Swahili,Over the Phone Interpretation,Schedule in Advance
Barbier International Inc,Swahili,Video Remote Interpretation,On Demand
Barbier International Inc,Swedish,Over the Phone Interpretation,Schedule in Advance
Barbier International Inc,Sylheti,Over the Phone Interpretation,Schedule in Advance
Barbier International Inc,Sylheti,Over the Phone Interpretation,Schedule in Advance
Barbier International Inc,Syriac,Over the Phone Interpretation,Schedule in Advance
Barbier International Inc,Tachew,Over the Phone Interpretation,Schedule in Advance
Barbier International Inc,Tahitian,Over the Phone Interpretation,Schedule in Advance
Barbier International Inc,Taiwanese,Over the Phone Interpretation,Schedule in Advance
Barbier International Inc,Tajik,Over the Phone Interpretation,On Demand
Barbier International Inc,Tamazight,Over the Phone Interpretation,Schedule in Advance
Barbier International Inc,Tamil,Over the Phone Interpretation,Schedule in Advance
Barbier International Inc,Tamil,Over the Phone Interpretation,On Demand
Barbier International Inc,Tamil,Over the Phone Interpretation,Schedule in Advance
Barbier International Inc,Tatar,Over the Phone Interpretation,Schedule in Advance
Barbier International Inc,Tektiteko,Video Remote Interpretation,Schedule in Advance
Barbier International Inc,Telugu,Over the Phone Interpretation,On Demand
Barbier International Inc,Teochew,Over the Phone Interpretation,On Demand
Barbier International Inc,Thai,Over the Phone Interpretation,On Demand
Barbier International Inc,Tibetan,Over the Phone Interpretation,On Demand
Barbier International Inc,Tibetan,Over the Phone Interpretation,Schedule in Advance
Barbier International Inc,Tigre,Over the Phone Interpretation,Schedule in Advance
Barbier International Inc,Tigrigna (Tigrinya),Over the Phone Interpretation,On Demand
Barbier International Inc,Tigrigna (Tigrinya),Over the Phone Interpretation,Schedule in Advance
Barbier International Inc,Tigrigna (Tigrinya),Video Remote Interpretation,On Demand
Barbier International Inc,Tongan,Over the Phone Interpretation,Schedule in Advance
Barbier International Inc,Tosk,Over the Phone Interpretation,Schedule in Advance
Barbier International Inc,Trukese,Over the Phone Interpretation,Schedule in Advance
Barbier International Inc,Tshiluba,Over the Phone Interpretation,Schedule in Advance
Barbier International Inc,Tsotsil,Video Remote Interpretation,Schedule in Advance
Barbier International Inc,Turkish,Over the Phone Interpretation,On Demand
Barbier International Inc,Turkish,Over the Phone Interpretation,On Demand
Barbier International Inc,Turkish,Video Remote Interpretation,Schedule in Advance
Barbier International Inc,Turkmen,Over the Phone Interpretation,Schedule in Advance
Barbier International Inc,Twi,Over the Phone Interpretation,Schedule in Advance
Barbier International Inc,Twi,Over the Phone Interpretation,Schedule in Advance
Barbier International Inc,Tzeltal,Video Remote Interpretation,Schedule in Advance
Barbier International Inc,Ukrainian,Over the Phone Interpretation,On Demand
Barbier International Inc,Ukrainian,Video Remote Interpretation,On Demand
Barbier International Inc,Urdu,Over the Phone Interpretation,On Demand
Barbier International Inc,Urdu,Video Remote Interpretation,On Demand
Barbier International Inc,Uspanteko,Video Remote Interpretation,Schedule in Advance
Barbier International Inc,Uyghur,Over the Phone Interpretation,Schedule in Advance
Barbier International Inc,Uzbek,Over the Phone Interpretation,Schedule in Advance
Barbier International Inc,Uzbek,Over the Phone Interpretation,On Demand
Barbier International Inc,Vietnamese,Over the Phone Interpretation,On Demand
Barbier International Inc,Vietnamese,Video Remote Interpretation,On Demand
Barbier International Inc,Visayan,Over the Phone Interpretation,Schedule in Advance
Barbier International Inc,Walloon,Over the Phone Interpretation,Schedule in Advance
Barbier International Inc,Welsh,Over the Phone Interpretation,Schedule in Advance
Barbier International Inc,Wolof,Over the Phone Interpretation,On Demand
Barbier International Inc,Wolof,Over the Phone Interpretation,Schedule in Advance
Barbier International Inc,Wolof,Video Remote Interpretation,On Demand
Barbier International Inc,Xhosa,Over the Phone Interpretation,Schedule in Advance
Barbier International Inc,Yakut,Over the Phone Interpretation,Schedule in Advance
Barbier International Inc,Yi,Over the Phone Interpretation,Schedule in Advance
Barbier International Inc,Yiddish,Over the Phone Interpretation,Schedule in Advance
Barbier International Inc,Yoruba,Over the Phone Interpretation,On Demand
Barbier International Inc,Yupik,Over the Phone Interpretation,Schedule in Advance
Barbier International Inc,Zapotec,Video Remote Interpretation,Schedule in Advance
Barbier International Inc,Zomi,Over the Phone Interpretation,Schedule in Advance
Barbier International Inc,Zulu,Over the Phone Interpretation,Schedule in Advance
Barbier International Inc,Zulu (Isizulu),Over the Phone Interpretation,Schedule in Advance
Digital Tech Ventures (DigiTech),Arabic (Egyptian),Over the Phone Interpretation,On Demand
Digital Tech Ventures (DigiTech),Arabic (Egyptian),Video Remote Interpretation,Schedule in Advance
Digital Tech Ventures (DigiTech),Bosnian,Over the Phone Interpretation,On Demand
Digital Tech Ventures (DigiTech),Bosnian,Video Remote Interpretation,Schedule in Advance
Digital Tech Ventures (DigiTech),Cantonese (Chinese),Over the Phone Interpretation,On Demand
Digital Tech Ventures (DigiTech),Cantonese (Chinese),Video Remote Interpretation,Schedule in Advance
Digital Tech Ventures (DigiTech),Farsi (Persian),Over the Phone Interpretation,On Demand
Digital Tech Ventures (DigiTech),Farsi (Persian),Video Remote Interpretation,Schedule in Advance
Digital Tech Ventures (DigiTech),Hungarian,Over the Phone Interpretation,On Demand
Digital Tech Ventures (DigiTech),Hungarian,Video Remote Interpretation,Schedule in Advance
Digital Tech Ventures (DigiTech),Lao,Over the Phone Interpretation,On Demand
Digital Tech Ventures (DigiTech),Lao,Video Remote Interpretation,Schedule in Advance
Digital Tech Ventures (DigiTech),Latvian,Over the Phone Interpretation,On Demand
Digital Tech Ventures (DigiTech),Latvian,Video Remote Interpretation,Schedule in Advance
Digital Tech Ventures (DigiTech),Malayalam,Over the Phone Interpretation,On Demand
Digital Tech Ventures (DigiTech),Malayalam,Video Remote Interpretation,Schedule in Advance
Digital Tech Ventures (DigiTech),Romanian,Over the Phone Interpretation,On Demand
Digital Tech Ventures (DigiTech),Romanian,Video Remote Interpretation,Schedule in Advance
Digital Tech Ventures (DigiTech),Serbian,Over the Phone Interpretation,On Demand
Digital Tech Ventures (DigiTech),Serbian,Video Remote Interpretation,Schedule in Advance
Digital Tech Ventures (DigiTech),Slovak,Over the Phone Interpretation,On Demand
Digital Tech Ventures (DigiTech),Slovak,Video Remote Interpretation,Schedule in Advance
Digital Tech Ventures (DigiTech),Somali,Over the Phone Interpretation,On Demand
Digital Tech Ventures (DigiTech),Somali,Video Remote Interpretation,Schedule in Advance
Digital Tech Ventures (DigiTech),Swahili,Over the Phone Interpretation,On Demand
Digital Tech Ventures (DigiTech),Swahili,Video Remote Interpretation,Schedule in Advance
Digital Tech Ventures (DigiTech),Tamil,Over the Phone Interpretation,On Demand
Digital Tech Ventures (DigiTech),Tamil,Video Remote Interpretation,Schedule in Advance
Digital Tech Ventures (DigiTech),Turkish,Over the Phone Interpretation,On Demand
Digital Tech Ventures (DigiTech),Turkish,Video Remote Interpretation,Schedule in Advance
Digital Tech Ventures (DigiTech),Uzbek,Over the Phone Interpretation,On Demand
Digital Tech Ventures (DigiTech),Uzbek,Video Remote Interpretation,Schedule in Advance
Donn David Inc,Jamaican Patuá,Over the Phone Interpretation,Schedule in Advance
Donn David Inc,Jamaican Patuá,Over the Phone Interpretation,On Demand
Donn David Inc,Jamaican Patuá,Video Remote Interpretation,On Demand
Donn David Inc,Jamaican Patuá,Video Remote Interpretation,Schedule in Advance
Effective Communication NY (LLC),Afar,Over the Phone Interpretation,On Demand
Effective Communication NY (LLC),Afar,Over the Phone Interpretation,Schedule in Advance
Effective Communication NY (LLC),Afar,Video Remote Interpretation,On Demand
Effective Communication NY (LLC),Akan,Over the Phone Interpretation,Schedule in Advance
Effective Communication NY (LLC),Arabic (Egyptian),In-Person Interpretation (Consecutive),Schedule in Advance
Effective Communication NY (LLC),Arabic (Egyptian),In-Person Interpretation (Simultaneous),Schedule in Advance
Effective Communication NY (LLC),Arabic (Egyptian),Over the Phone Interpretation,On Demand
Effective Communication NY (LLC),Arabic (Egyptian),Over the Phone Interpretation,Schedule in Advance
Effective Communication NY (LLC),Arabic (Egyptian),Video Remote Interpretation,Schedule in Advance
Effective Communication NY (LLC),Arabic (Egyptian),Video Remote Interpretation,On Demand
Effective Communication NY (LLC),Bamanankan,Over the Phone Interpretation,Schedule in Advance
Effective Communication NY (LLC),Bosnian,In-Person Interpretation (Consecutive),Schedule in Advance
Effective Communication NY (LLC),Bosnian,In-Person Interpretation (Simultaneous),Schedule in Advance
Effective Communication NY (LLC),Bosnian,Over the Phone Interpretation,On Demand
Effective Communication NY (LLC),Bosnian,Over the Phone Interpretation,Schedule in Advance
Effective Communication NY (LLC),Bosnian,Video Remote Interpretation,On Demand
Effective Communication NY (LLC),Bosnian,Video Remote Interpretation,Schedule in Advance
Effective Communication NY (LLC),British Sign Language,Video Remote Interpretation,Schedule in Advance
Effective Communication NY (LLC),Cantonese (Chinese),Over the Phone Interpretation,Schedule in Advance
Effective Communication NY (LLC),Cantonese (Chinese),Over the Phone Interpretation,On Demand
Effective Communication NY (LLC),Cantonese (Chinese),Video Remote Interpretation,On Demand
Effective Communication NY (LLC),Cantonese (Chinese),Video Remote Interpretation,Schedule in Advance
Effective Communication NY (LLC),Chinese (Fujianese),Over the Phone Interpretation,On Demand
Effective Communication NY (LLC),Chinese (Fujianese),Over the Phone Interpretation,Schedule in Advance
Effective Communication NY (LLC),Chinese (Fujianese),Video Remote Interpretation,On Demand
Effective Communication NY (LLC),Chinese (Fujianese),Video Remote Interpretation,Schedule in Advance
Effective Communication NY (LLC),Chinese (Fuzhounese),Over the Phone Interpretation,Schedule in Advance
Effective Communication NY (LLC),Chinese (Fuzhounese),Over the Phone Interpretation,On Demand
Effective Communication NY (LLC),Chinese (Fuzhounese),Video Remote Interpretation,Schedule in Advance
Effective Communication NY (LLC),Chinese (Fuzhounese),Video Remote Interpretation,On Demand
Effective Communication NY (LLC),Chinese (Taishanese),Over the Phone Interpretation,On Demand
Effective Communication NY (LLC),Chinese (Taishanese),Over the Phone Interpretation,Schedule in Advance
Effective Communication NY (LLC),Chinese (Taishanese),Video Remote Interpretation,Schedule in Advance
Effective Communication NY (LLC),Chinese (Taishanese),Video Remote Interpretation,On Demand
Effective Communication NY (LLC),Chinese (Wenzhounese),Over the Phone Interpretation,On Demand
Effective Communication NY (LLC),Chinese (Wenzhounese),Over the Phone Interpretation,Schedule in Advance
Effective Communication NY (LLC),Chinese (Wenzhounese),Video Remote Interpretation,On Demand
Effective Communication NY (LLC),Chinese (Wenzhounese),Video Remote Interpretation,Schedule in Advance
Effective Communication NY (LLC),Ewe,Over the Phone Interpretation,Schedule in Advance
Effective Communication NY (LLC),Farsi (Persian),In-Person Interpretation (Consecutive),Schedule in Advance
Effective Communication NY (LLC),Farsi (Persian),In-Person Interpretation (Simultaneous),Schedule in Advance
Effective Communication NY (LLC),Farsi (Persian),Over the Phone Interpretation,On Demand
Effective Communication NY (LLC),Farsi (Persian),Over the Phone Interpretation,Schedule in Advance
Effective Communication NY (LLC),Farsi (Persian),Video Remote Interpretation,Schedule in Advance
Effective Communication NY (LLC),Farsi (Persian),Video Remote Interpretation,On Demand
Effective Communication NY (LLC),Fulani (Fula),Over the Phone Interpretation,Schedule in Advance
Effective Communication NY (LLC),Guinea-Bissau Creole,Over the Phone Interpretation,Schedule in Advance
Effective Communication NY (LLC),Guinea-Bissau Creole,Over the Phone Interpretation,On Demand
Effective Communication NY (LLC),Guinea-Bissau Creole,Video Remote Interpretation,On Demand
Effective Communication NY (LLC),Guinea-Bissau Creole,Video Remote Interpretation,Schedule in Advance
Effective Communication NY (LLC),Hungarian,In-Person Interpretation (Consecutive),Schedule in Advance
Effective Communication NY (LLC),Hungarian,In-Person Interpretation (Simultaneous),Schedule in Advance
Effective Communication NY (LLC),Hungarian,Over the Phone Interpretation,Schedule in Advance
Effective Communication NY (LLC),Hungarian,Over the Phone Interpretation,On Demand
Effective Communication NY (LLC),Hungarian,Video Remote Interpretation,On Demand
Effective Communication NY (LLC),Hungarian,Video Remote Interpretation,Schedule in Advance
Effective Communication NY (LLC),Jamaican Patuá,In-Person Interpretation (Consecutive),Schedule in Advance
Effective Communication NY (LLC),Jamaican Patuá,In-Person Interpretation (Simultaneous),Schedule in Advance
Effective Communication NY (LLC),Jamaican Patuá,Over the Phone Interpretation,Schedule in Advance
Effective Communication NY (LLC),Jamaican Patuá,Over the Phone Interpretation,On Demand
Effective Communication NY (LLC),Jamaican Patuá,Video Remote Interpretation,On Demand
Effective Communication NY (LLC),Jamaican Patuá,Video Remote Interpretation,Schedule in Advance
Effective Communication NY (LLC),Karen,Over the Phone Interpretation,Schedule in Advance
Effective Communication NY (LLC),Karen,Over the Phone Interpretation,On Demand
Effective Communication NY (LLC),Karen,Video Remote Interpretation,On Demand
Effective Communication NY (LLC),Karen,Video Remote Interpretation,Schedule in Advance
Effective Communication NY (LLC),Kirundi,Over the Phone Interpretation,Schedule in Advance
Effective Communication NY (LLC),Lao,Over the Phone Interpretation,Schedule in Advance
Effective Communication NY (LLC),Lao,Over the Phone Interpretation,On Demand
Effective Communication NY (LLC),Lao,Video Remote Interpretation,Schedule in Advance
Effective Communication NY (LLC),Lao,Video Remote Interpretation,On Demand
Effective Communication NY (LLC),Latvian,In-Person Interpretation (Consecutive),Schedule in Advance
Effective Communication NY (LLC),Latvian,In-Person Interpretation (Simultaneous),Schedule in Advance
Effective Communication NY (LLC),Latvian,Over the Phone Interpretation,On Demand
Effective Communication NY (LLC),Latvian,Over the Phone Interpretation,Schedule in Advance
Effective Communication NY (LLC),Latvian,Video Remote Interpretation,Schedule in Advance
Effective Communication NY (LLC),Latvian,Video Remote Interpretation,On Demand
Effective Communication NY (LLC),Macanese Patuá,Over the Phone Interpretation,Schedule in Advance
Effective Communication NY (LLC),Macanese Patuá,Over the Phone Interpretation,On Demand
Effective Communication NY (LLC),Macanese Patuá,Video Remote Interpretation,Schedule in Advance
Effective Communication NY (LLC),Macanese Patuá,Video Remote Interpretation,On Demand
Effective Communication NY (LLC),Malayalam,Over the Phone Interpretation,On Demand
Effective Communication NY (LLC),Malayalam,Over the Phone Interpretation,Schedule in Advance
Effective Communication NY (LLC),Malayalam,Video Remote Interpretation,Schedule in Advance
Effective Communication NY (LLC),Malayalam,Video Remote Interpretation,On Demand
Effective Communication NY (LLC),Mandinka,Over the Phone Interpretation,Schedule in Advance
Effective Communication NY (LLC),Nahuátl,In-Person Interpretation (Consecutive),Schedule in Advance
Effective Communication NY (LLC),Nahuátl,In-Person Interpretation (Simultaneous),Schedule in Advance
Effective Communication NY (LLC),Nahuátl,Over the Phone Interpretation,On Demand
Effective Communication NY (LLC),Nahuátl,Over the Phone Interpretation,Schedule in Advance
Effective Communication NY (LLC),Nahuátl,Video Remote Interpretation,On Demand
Effective Communication NY (LLC),Rohingya,In-Person Interpretation (Consecutive),Schedule in Advance
Effective Communication NY (LLC),Rohingya,In-Person Interpretation (Simultaneous),Schedule in Advance
Effective Communication NY (LLC),Rohingya,Over the Phone Interpretation,Schedule in Advance
Effective Communication NY (LLC),Rohingya,Over the Phone Interpretation,On Demand
Effective Communication NY (LLC),Rohingya,Video Remote Interpretation,On Demand
Effective Communication NY (LLC),Rohingya,Video Remote Interpretation,Schedule in Advance
Effective Communication NY (LLC),Romanian,In-Person Interpretation (Consecutive),Schedule in Advance
Effective Communication NY (LLC),Romanian,In-Person Interpretation (Simultaneous),Schedule in Advance
Effective Communication NY (LLC),Romanian,Over the Phone Interpretation,Schedule in Advance
Effective Communication NY (LLC),Romanian,Over the Phone Interpretation,On Demand
Effective Communication NY (LLC),Romanian,Video Remote Interpretation,On Demand
Effective Communication NY (LLC),Romanian,Video Remote Interpretation,Schedule in Advance
Effective Communication NY (LLC),Serbian,In-Person Interpretation (Consecutive),Schedule in Advance
Effective Communication NY (LLC),Serbian,In-Person Interpretation (Simultaneous),Schedule in Advance
Effective Communication NY (LLC),Serbian,Over the Phone Interpretation,Schedule in Advance
Effective Communication NY (LLC),Serbian,Over the Phone Interpretation,On Demand
Effective Communication NY (LLC),Serbian,Video Remote Interpretation,On Demand
Effective Communication NY (LLC),Serbian,Video Remote Interpretation,Schedule in Advance
Effective Communication NY (LLC),Slovak,In-Person Interpretation (Consecutive),Schedule in Advance
Effective Communication NY (LLC),Slovak,In-Person Interpretation (Simultaneous),Schedule in Advance
Effective Communication NY (LLC),Slovak,Over the Phone Interpretation,On Demand
Effective Communication NY (LLC),Slovak,Over the Phone Interpretation,Schedule in Advance
Effective Communication NY (LLC),Slovak,Video Remote Interpretation,Schedule in Advance
Effective Communication NY (LLC),Slovak,Video Remote Interpretation,On Demand
Effective Communication NY (LLC),Somali,In-Person Interpretation (Consecutive),Schedule in Advance
Effective Communication NY (LLC),Somali,In-Person Interpretation (Simultaneous),Schedule in Advance
Effective Communication NY (LLC),Somali,Over the Phone Interpretation,On Demand
Effective Communication NY (LLC),Somali,Over the Phone Interpretation,Schedule in Advance
Effective Communication NY (LLC),Somali,Video Remote Interpretation,On Demand
Effective Communication NY (LLC),Somali,Video Remote Interpretation,Schedule in Advance
Effective Communication NY (LLC),Soninke,Over the Phone Interpretation,Schedule in Advance
Effective Communication NY (LLC),Swahili,Over the Phone Interpretation,On Demand
Effective Communication NY (LLC),Sylheti,In-Person Interpretation (Consecutive),Schedule in Advance
Effective Communication NY (LLC),Sylheti,In-Person Interpretation (Simultaneous),Schedule in Advance
Effective Communication NY (LLC),Sylheti,Over the Phone Interpretation,Schedule in Advance
Effective Communication NY (LLC),Sylheti,Over the Phone Interpretation,On Demand
Effective Communication NY (LLC),Sylheti,Video Remote Interpretation,Schedule in Advance
Effective Communication NY (LLC),Sylheti,Video Remote Interpretation,On Demand
Effective Communication NY (LLC),Tamil,Over the Phone Interpretation,Schedule in Advance
Effective Communication NY (LLC),Tamil,Over the Phone Interpretation,On Demand
Effective Communication NY (LLC),Tamil,Video Remote Interpretation,Schedule in Advance
Effective Communication NY (LLC),Tamil,Video Remote Interpretation,On Demand
Effective Communication NY (LLC),Tibetan,Over the Phone Interpretation,On Demand
Effective Communication NY (LLC),Tibetan,Over the Phone Interpretation,Schedule in Advance
Effective Communication NY (LLC),Tibetan,Video Remote Interpretation,Schedule in Advance
Effective Communication NY (LLC),Tibetan,Video Remote Interpretation,On Demand
Effective Communication NY (LLC),Tigrigna (Tigrinya),Over the Phone Interpretation,Schedule in Advance
Effective Communication NY (LLC),Turkish,Over the Phone Interpretation,Schedule in Advance
Effective Communication NY (LLC),Turkish,Over the Phone Interpretation,On Demand
Effective Communication NY (LLC),Turkish,Video Remote Interpretation,Schedule in Advance
Effective Communication NY (LLC),Turkish,Video Remote Interpretation,On Demand
Effective Communication NY (LLC),Twi,Over the Phone Interpretation,Schedule in Advance
Effective Communication NY (LLC),Uzbek,Over the Phone Interpretation,On Demand
Effective Communication NY (LLC),Uzbek,Over the Phone Interpretation,Schedule in Advance
Effective Communication NY (LLC),Uzbek,Video Remote Interpretation,On Demand
Effective Communication NY (LLC),Uzbek,Video Remote Interpretation,Schedule in Advance
Effective Communication NY (LLC),Wolof,Over the Phone Interpretation,Schedule in Advance
Eriksen Translations,Acehnese,Over the Phone Interpretation,On Demand
Eriksen Translations,Acholi,Over the Phone Interpretation,Schedule in Advance
Eriksen Translations,Acholi,Over the Phone Interpretation,On Demand
Eriksen Translations,Afrikaans,Over the Phone Interpretation,On Demand
Eriksen Translations,Akan,Over the Phone Interpretation,On Demand
Eriksen Translations,Akan,Over the Phone Interpretation,Schedule in Advance
Eriksen Translations,Akan,Over the Phone Interpretation,On Demand
Eriksen Translations,Akateko (Akatek),Over the Phone Interpretation,On Demand
Eriksen Translations,Albanian,Over the Phone Interpretation,On Demand
Eriksen Translations,Amharic,Over the Phone Interpretation,On Demand
Eriksen Translations,Anuak,Over the Phone Interpretation,On Demand
Eriksen Translations,Arabic (Algerian),Over the Phone Interpretation,On Demand
Eriksen Translations,Arabic (Egyptian),Over the Phone Interpretation,On Demand
Eriksen Translations,Arabic (Gulf),Over the Phone Interpretation,On Demand
Eriksen Translations,Arabic (Iraqi),Over the Phone Interpretation,On Demand
Eriksen Translations,Arabic (Jordanian),Over the Phone Interpretation,On Demand
Eriksen Translations,Arabic (Juba),Over the Phone Interpretation,On Demand
Eriksen Translations,Arabic (Modern Standard),Over the Phone Interpretation,On Demand
Eriksen Translations,Arabic (Moroccan),Over the Phone Interpretation,On Demand
Eriksen Translations,Arabic (Sudanese),Over the Phone Interpretation,On Demand
Eriksen Translations,Arabic (Yemeni),Over the Phone Interpretation,On Demand
Eriksen Translations,Armenian,Over the Phone Interpretation,On Demand
Eriksen Translations,Asante (Ashanti),Over the Phone Interpretation,On Demand
Eriksen Translations,Assyrian,Over the Phone Interpretation,On Demand
Eriksen Translations,Azeri,Over the Phone Interpretation,On Demand
Eriksen Translations,Bahasa (Malaysian),Over the Phone Interpretation,On Demand
Eriksen Translations,Bambara,Over the Phone Interpretation,On Demand
Eriksen Translations,Bangla,Over the Phone Interpretation,On Demand
Eriksen Translations,Bashkir,Over the Phone Interpretation,On Demand
Eriksen Translations,Basque,Over the Phone Interpretation,On Demand
Eriksen Translations,Bassa,Over the Phone Interpretation,Schedule in Advance
Eriksen Translations,Bassa,Over the Phone Interpretation,On Demand
Eriksen Translations,Belarusian,Over the Phone Interpretation,On Demand
Eriksen Translations,Bosnian,In-Person Interpretation (Consecutive),Schedule in Advance
Eriksen Translations,Bosnian,Over the Phone Interpretation,On Demand
Eriksen Translations,Bosnian,Over the Phone Interpretation,Schedule in Advance
Eriksen Translations,Bosnian,Over the Phone Interpretation,On Demand
Eriksen Translations,Bulgarian,Over the Phone Interpretation,On Demand
Eriksen Translations,Burmese,Over the Phone Interpretation,On Demand
Eriksen Translations,Cambodian,Over the Phone Interpretation,On Demand
Eriksen Translations,Cantonese (Chinese),In-Person Interpretation (Consecutive),Schedule in Advance
Eriksen Translations,Cantonese (Chinese),In-Person Interpretation (Simultaneous),Schedule in Advance
Eriksen Translations,Cantonese (Chinese),Over the Phone Interpretation,On Demand
Eriksen Translations,Cantonese (Chinese),Over the Phone Interpretation,Schedule in Advance
Eriksen Translations,Cantonese (Chinese),Video Remote Interpretation,Schedule in Advance
Eriksen Translations,Cantonese (Chinese),Video Remote Interpretation,On Demand
Eriksen Translations,Cantonese (Chinese),Over the Phone Interpretation,On Demand
Eriksen Translations,Cape Verdean Creole,Over the Phone Interpretation,On Demand
Eriksen Translations,Carolinian,Over the Phone Interpretation,On Demand
Eriksen Translations,Catalan,Over the Phone Interpretation,On Demand
Eriksen Translations,Cebuano,Over the Phone Interpretation,On Demand
Eriksen Translations,Chaldean,Over the Phone Interpretation,On Demand
Eriksen Translations,Chamorro,Over the Phone Interpretation,Schedule in Advance
Eriksen Translations,Chamorro,Over the Phone Interpretation,On Demand
Eriksen Translations,Chao-Chow,Over the Phone Interpretation,On Demand
Eriksen Translations,Cherokee,Over the Phone Interpretation,On Demand
Eriksen Translations,Chin,Over the Phone Interpretation,On Demand
Eriksen Translations,Chin (Falam),Over the Phone Interpretation,On Demand
Eriksen Translations,Chin (Hakha),Over the Phone Interpretation,On Demand
Eriksen Translations,Chin (Lai),Over the Phone Interpretation,On Demand
Eriksen Translations,Chin (Mara),Over the Phone Interpretation,On Demand
Eriksen Translations,Chin (Matu),Over the Phone Interpretation,On Demand
Eriksen Translations,Chin (Mizo),Over the Phone Interpretation,On Demand
Eriksen Translations,Chin (Tedim),Over the Phone Interpretation,On Demand
Eriksen Translations,Chin (Zo),Over the Phone Interpretation,On Demand
Eriksen Translations,Chin (Zomi),Over the Phone Interpretation,On Demand
Eriksen Translations,Chin (Zophei),Over the Phone Interpretation,On Demand
Eriksen Translations,Chinese (Fukienese),Over the Phone Interpretation,On Demand
Eriksen Translations,Chinese (Fuzhou),Over the Phone Interpretation,On Demand
Eriksen Translations,Chinese (Fuzhounese),Over the Phone Interpretation,Schedule in Advance
Eriksen Translations,Chinese (Fuzhounese),Over the Phone Interpretation,On Demand
Eriksen Translations,Chinese (Hainanese),Over the Phone Interpretation,On Demand
Eriksen Translations,Chinese (Hakka),Over the Phone Interpretation,On Demand
Eriksen Translations,Chinese (Hokkien),Over the Phone Interpretation,On Demand
Eriksen Translations,Chinese (Shanghainese),Over the Phone Interpretation,On Demand
Eriksen Translations,Chinese (Toisanese),Over the Phone Interpretation,On Demand
Eriksen Translations,Choujo,Over the Phone Interpretation,On Demand
Eriksen Translations,Chuukese,Over the Phone Interpretation,On Demand
Eriksen Translations,Cotocoli (Tem),Over the Phone Interpretation,On Demand
Eriksen Translations,Croatian,Over the Phone Interpretation,On Demand
Eriksen Translations,Czech,Over the Phone Interpretation,On Demand
Eriksen Translations,Danish,Over the Phone Interpretation,On Demand
Eriksen Translations,Dari,Over the Phone Interpretation,On Demand
Eriksen Translations,Dinka,Over the Phone Interpretation,Schedule in Advance
Eriksen Translations,Dinka,Over the Phone Interpretation,On Demand
Eriksen Translations,Dioula (Dyula),Over the Phone Interpretation,On Demand
Eriksen Translations,Dutch,Over the Phone Interpretation,On Demand
Eriksen Translations,Edo,Over the Phone Interpretation,Schedule in Advance
Eriksen Translations,Edo,Over the Phone Interpretation,On Demand
Eriksen Translations,Estonian,Over the Phone Interpretation,On Demand
Eriksen Translations,Ewe,Over the Phone Interpretation,Schedule in Advance
Eriksen Translations,Ewe,Over the Phone Interpretation,On Demand
Eriksen Translations,Ewe,Over the Phone Interpretation,On Demand
Eriksen Translations,Farsi,Over the Phone Interpretation,On Demand
Eriksen Translations,Farsi (Persian),Over the Phone Interpretation,On Demand
Eriksen Translations,Farsi (Persian),Over the Phone Interpretation,Schedule in Advance
Eriksen Translations,Finnish,Over the Phone Interpretation,On Demand
Eriksen Translations,Flemish,Over the Phone Interpretation,On Demand
Eriksen Translations,Foochow (Fuzhou),Over the Phone Interpretation,On Demand
Eriksen Translations,French,Over the Phone Interpretation,On Demand
Eriksen Translations,French (Canadian),Over the Phone Interpretation,On Demand
Eriksen Translations,French Creole,Over the Phone Interpretation,On Demand
Eriksen Translations,Fulani (Fula),Over the Phone Interpretation,On Demand
Eriksen Translations,Fulani (Fula),Over the Phone Interpretation,Schedule in Advance
Eriksen Translations,Fulani (Fula),Over the Phone Interpretation,On Demand
Eriksen Translations,Fulde,Over the Phone Interpretation,Schedule in Advance
Eriksen Translations,Fulde,Over the Phone Interpretation,On Demand
Eriksen Translations,Ga,Over the Phone Interpretation,On Demand
Eriksen Translations,Garre,Over the Phone Interpretation,On Demand
Eriksen Translations,Georgian,Over the Phone Interpretation,On Demand
Eriksen Translations,German,Over the Phone Interpretation,On Demand
Eriksen Translations,German (Pennsylvania),Over the Phone Interpretation,On Demand
Eriksen Translations,Greek,Over the Phone Interpretation,On Demand
Eriksen Translations,Guarani,Over the Phone Interpretation,Schedule in Advance
Eriksen Translations,Guarani,Over the Phone Interpretation,On Demand
Eriksen Translations,Gujarati,Over the Phone Interpretation,On Demand
Eriksen Translations,Haitian Creole,Over the Phone Interpretation,On Demand
Eriksen Translations,Harar,Over the Phone Interpretation,On Demand
Eriksen Translations,Hassaniya,Over the Phone Interpretation,On Demand
Eriksen Translations,Hausa,Over the Phone Interpretation,Schedule in Advance
Eriksen Translations,Hausa,Over the Phone Interpretation,On Demand
Eriksen Translations,Hebrew,Over the Phone Interpretation,On Demand
Eriksen Translations,Hindi,Over the Phone Interpretation,On Demand
Eriksen Translations,Hmong,Over the Phone Interpretation,On Demand
Eriksen Translations,Hungarian,Over the Phone Interpretation,On Demand
Eriksen Translations,Hungarian,Over the Phone Interpretation,Schedule in Advance
Eriksen Translations,Hungarian,Over the Phone Interpretation,On Demand
Eriksen Translations,Icelandic,Over the Phone Interpretation,On Demand
Eriksen Translations,Igbo,Over the Phone Interpretation,Schedule in Advance
Eriksen Translations,Igbo,Over the Phone Interpretation,On Demand
Eriksen Translations,Ilocano,Over the Phone Interpretation,On Demand
Eriksen Translations,Ilonggo,Over the Phone Interpretation,On Demand
Eriksen Translations,Indonesian,Over the Phone Interpretation,On Demand
Eriksen Translations,Japanese,Over the Phone Interpretation,On Demand
Eriksen Translations,Jarai,Over the Phone Interpretation,Schedule in Advance
Eriksen Translations,Jarai,Over the Phone Interpretation,On Demand
Eriksen Translations,Kannada,Over the Phone Interpretation,On Demand
Eriksen Translations,Karen,Over the Phone Interpretation,Schedule in Advance
Eriksen Translations,Karen,Over the Phone Interpretation,On Demand
Eriksen Translations,Karen,Over the Phone Interpretation,On Demand
Eriksen Translations,Karen (Pwo),Over the Phone Interpretation,On Demand
Eriksen Translations,Karenni (Kayah),Over the Phone Interpretation,On Demand
Eriksen Translations,Kazakh,Over the Phone Interpretation,On Demand
Eriksen Translations,Khmer,Over the Phone Interpretation,On Demand
Eriksen Translations,K'iche',Over the Phone Interpretation,On Demand
Eriksen Translations,Kikongo,Over the Phone Interpretation,On Demand
Eriksen Translations,Kikuyu,Over the Phone Interpretation,On Demand
Eriksen Translations,Kinyamulenge,Over the Phone Interpretation,On Demand
Eriksen Translations,Kinyarwanda,Over the Phone Interpretation,Schedule in Advance
Eriksen Translations,Kinyarwanda,Over the Phone Interpretation,On Demand
Eriksen Translations,Kirundi,Over the Phone Interpretation,Schedule in Advance
Eriksen Translations,Kirundi,Over the Phone Interpretation,On Demand
Eriksen Translations,Kirundi,Over the Phone Interpretation,On Demand
Eriksen Translations,Kissi,Over the Phone Interpretation,On Demand
Eriksen Translations,Kizigua (Kizigula),Over the Phone Interpretation,On Demand
Eriksen Translations,Korean,Over the Phone Interpretation,On Demand
Eriksen Translations,Kosraean,Over the Phone Interpretation,On Demand
Eriksen Translations,Krahn,Over the Phone Interpretation,On Demand
Eriksen Translations,Krio,Over the Phone Interpretation,On Demand
Eriksen Translations,Kunama,Over the Phone Interpretation,On Demand
Eriksen Translations,Kurdish,Over the Phone Interpretation,On Demand
Eriksen Translations,Kurdish (Bahdini),Over the Phone Interpretation,On Demand
Eriksen Translations,Kurdish (Kurmanji),Over the Phone Interpretation,On Demand
Eriksen Translations,Kurdish (Sorani),Over the Phone Interpretation,On Demand
Eriksen Translations,Kurdish (Soranî),Over the Phone Interpretation,On Demand
Eriksen Translations,Kyrgyz,Over the Phone Interpretation,On Demand
Eriksen Translations,Lao,Over the Phone Interpretation,Schedule in Advance
Eriksen Translations,Lao,Over the Phone Interpretation,On Demand
Eriksen Translations,Lao,Over the Phone Interpretation,On Demand
Eriksen Translations,Latvian,Over the Phone Interpretation,Schedule in Advance
Eriksen Translations,Latvian,Over the Phone Interpretation,On Demand
Eriksen Translations,Latvian,Over the Phone Interpretation,On Demand
Eriksen Translations,Lautu,Over the Phone Interpretation,On Demand
Eriksen Translations,Lingala,Over the Phone Interpretation,On Demand
Eriksen Translations,Lithuanian,Over the Phone Interpretation,On Demand
Eriksen Translations,Lorma,Over the Phone Interpretation,On Demand
Eriksen Translations,Luganda,Over the Phone Interpretation,On Demand
Eriksen Translations,Luo,Over the Phone Interpretation,On Demand
Eriksen Translations,Maay Maay,Over the Phone Interpretation,On Demand
Eriksen Translations,Macedonian,Over the Phone Interpretation,On Demand
Eriksen Translations,Malay,Over the Phone Interpretation,On Demand
Eriksen Translations,Malayalam,Over the Phone Interpretation,Schedule in Advance
Eriksen Translations,Malayalam,Over the Phone Interpretation,On Demand
Eriksen Translations,Malayalam,Over the Phone Interpretation,On Demand
Eriksen Translations,Mam,Over the Phone Interpretation,On Demand
Eriksen Translations,Mandarin (Chinese),Over the Phone Interpretation,On Demand
Eriksen Translations,Mandinka,Over the Phone Interpretation,On Demand
Eriksen Translations,Mandinka,Over the Phone Interpretation,Schedule in Advance
Eriksen Translations,Mandinka,Over the Phone Interpretation,On Demand
Eriksen Translations,Marathi,Over the Phone Interpretation,Schedule in Advance
Eriksen Translations,Marathi,Over the Phone Interpretation,On Demand
Eriksen Translations,Marshallese,Over the Phone Interpretation,On Demand
Eriksen Translations,Mbay,Over the Phone Interpretation,On Demand
Eriksen Translations,Mende,Over the Phone Interpretation,On Demand
Eriksen Translations,Mien,Over the Phone Interpretation,On Demand
Eriksen Translations,Mina,Over the Phone Interpretation,On Demand
Eriksen Translations,Mixteco (Alto),Over the Phone Interpretation,On Demand
Eriksen Translations,Mixteco (Bajo),Over the Phone Interpretation,On Demand
Eriksen Translations,Moldovan,Over the Phone Interpretation,On Demand
Eriksen Translations,Mongolian,Over the Phone Interpretation,On Demand
Eriksen Translations,Nigerian (Pidgin English),Over the Phone Interpretation,On Demand
Eriksen Translations,Norwegian,Over the Phone Interpretation,On Demand
Eriksen Translations,Nuer,Over the Phone Interpretation,Schedule in Advance
Eriksen Translations,Nuer,Over the Phone Interpretation,On Demand
Eriksen Translations,Oromifa,Over the Phone Interpretation,On Demand
Eriksen Translations,Pashto,Over the Phone Interpretation,On Demand
Eriksen Translations,Pennsylvania Dutch,Over the Phone Interpretation,Schedule in Advance
Eriksen Translations,Pennsylvania Dutch,Over the Phone Interpretation,On Demand
Eriksen Translations,Pidgin (Cameroonian),Over the Phone Interpretation,On Demand
Eriksen Translations,Polish,Over the Phone Interpretation,On Demand
Eriksen Translations,Ponapean (Pohnpeian),Over the Phone Interpretation,On Demand
Eriksen Translations,Portuguese (Brazilian),Over the Phone Interpretation,On Demand
Eriksen Translations,Portuguese (European),Over the Phone Interpretation,On Demand
Eriksen Translations,Portuguese Creole,Over the Phone Interpretation,On Demand
Eriksen Translations,Pulaar,Over the Phone Interpretation,On Demand
Eriksen Translations,Punjabi,Over the Phone Interpretation,On Demand
Eriksen Translations,Q’anjob’al,Over the Phone Interpretation,On Demand
Eriksen Translations,Q’eqchi’,Over the Phone Interpretation,On Demand
Eriksen Translations,Quechua,Over the Phone Interpretation,On Demand
Eriksen Translations,Rohingya,Over the Phone Interpretation,On Demand
Eriksen Translations,Rohingya,Over the Phone Interpretation,Schedule in Advance
Eriksen Translations,Rohingya,Over the Phone Interpretation,On Demand
Eriksen Translations,Romanian,Over the Phone Interpretation,Schedule in Advance
Eriksen Translations,Romanian,Over the Phone Interpretation,On Demand
Eriksen Translations,Romanian,Over the Phone Interpretation,On Demand
Eriksen Translations,Russian,Over the Phone Interpretation,On Demand
Eriksen Translations,Samoan,Over the Phone Interpretation,On Demand
Eriksen Translations,Sango,Over the Phone Interpretation,On Demand
Eriksen Translations,Senthang,Over the Phone Interpretation,On Demand
Eriksen Translations,Serbian,Over the Phone Interpretation,On Demand
Eriksen Translations,Serbian,Over the Phone Interpretation,Schedule in Advance
Eriksen Translations,Serbian,Over the Phone Interpretation,On Demand
Eriksen Translations,Shona,Over the Phone Interpretation,On Demand
Eriksen Translations,Sichuan,Over the Phone Interpretation,On Demand
Eriksen Translations,Sicilian,Over the Phone Interpretation,On Demand
Eriksen Translations,Sinhalese,Over the Phone Interpretation,On Demand
Eriksen Translations,Siyin,Over the Phone Interpretation,Schedule in Advance
Eriksen Translations,Siyin,Over the Phone Interpretation,On Demand
Eriksen Translations,Slovak,Over the Phone Interpretation,On Demand
Eriksen Translations,Slovak,Over the Phone Interpretation,Schedule in Advance
Eriksen Translations,Slovak,Over the Phone Interpretation,On Demand
Eriksen Translations,Slovene,Over the Phone Interpretation,On Demand
Eriksen Translations,Somali,Over the Phone Interpretation,On Demand
Eriksen Translations,Somali,Over the Phone Interpretation,Schedule in Advance
Eriksen Translations,Somali,Over the Phone Interpretation,On Demand
Eriksen Translations,Somali Bantu,Over the Phone Interpretation,On Demand
Eriksen Translations,Soninke,Over the Phone Interpretation,On Demand
Eriksen Translations,Soninke,Over the Phone Interpretation,Schedule in Advance
Eriksen Translations,Soninke,Over the Phone Interpretation,On Demand
Eriksen Translations,Soninke (Sarahuli),Over the Phone Interpretation,On Demand
Eriksen Translations,Soninke (Sarakhole),Over the Phone Interpretation,On Demand
Eriksen Translations,Sousou,Over the Phone Interpretation,Schedule in Advance
Eriksen Translations,Sousou,Over the Phone Interpretation,On Demand
Eriksen Translations,Swahili,Over the Phone Interpretation,On Demand
Eriksen Translations,Swahili,Over the Phone Interpretation,Schedule in Advance
Eriksen Translations,Swahili,Over the Phone Interpretation,On Demand
Eriksen Translations,Swedish,Over the Phone Interpretation,On Demand
Eriksen Translations,Sylheti,Over the Phone Interpretation,Schedule in Advance
Eriksen Translations,Sylheti,Over the Phone Interpretation,On Demand
Eriksen Translations,Sylheti,Over the Phone Interpretation,On Demand
Eriksen Translations,Tagalog (Filipino),Over the Phone Interpretation,On Demand
Eriksen Translations,Taiwanese,Over the Phone Interpretation,On Demand
Eriksen Translations,Tajik,Over the Phone Interpretation,On Demand
Eriksen Translations,Tamil,Over the Phone Interpretation,On Demand
Eriksen Translations,Tamil,Over the Phone Interpretation,Schedule in Advance
Eriksen Translations,Tamil,Over the Phone Interpretation,On Demand
Eriksen Translations,Telugu,Over the Phone Interpretation,Schedule in Advance
Eriksen Translations,Telugu,Over the Phone Interpretation,On Demand
Eriksen Translations,Temne,Over the Phone Interpretation,On Demand
Eriksen Translations,Teochew,Over the Phone Interpretation,Schedule in Advance
Eriksen Translations,Teochew,Over the Phone Interpretation,On Demand
Eriksen Translations,Thai,Over the Phone Interpretation,On Demand
Eriksen Translations,Tibetan,In-Person Interpretation (Consecutive),Schedule in Advance
Eriksen Translations,Tibetan,In-Person Interpretation (Simultaneous),Schedule in Advance
Eriksen Translations,Tibetan,Over the Phone Interpretation,On Demand
Eriksen Translations,Tibetan,Over the Phone Interpretation,Schedule in Advance
Eriksen Translations,Tibetan,Over the Phone Interpretation,On Demand
Eriksen Translations,Tigrigna (Tigrinya),Over the Phone Interpretation,On Demand
Eriksen Translations,Tigrigna (Tigrinya),Over the Phone Interpretation,Schedule in Advance
Eriksen Translations,Tigrigna (Tigrinya),Over the Phone Interpretation,On Demand
Eriksen Translations,Tongan,Over the Phone Interpretation,On Demand
Eriksen Translations,Tosk,Over the Phone Interpretation,On Demand
Eriksen Translations,Trukese (Chuukese),Over the Phone Interpretation,On Demand
Eriksen Translations,Turkish,In-Person Interpretation (Consecutive),Schedule in Advance
Eriksen Translations,Turkish,In-Person Interpretation (Simultaneous),Schedule in Advance
Eriksen Translations,Turkish,Over the Phone Interpretation,On Demand
Eriksen Translations,Turkish,Over the Phone Interpretation,Schedule in Advance
Eriksen Translations,Turkish,Over the Phone Interpretation,On Demand
Eriksen Translations,Turkish,Video Remote Interpretation,On Demand
Eriksen Translations,Turkish,Video Remote Interpretation,Schedule in Advance
Eriksen Translations,Twi,Over the Phone Interpretation,On Demand
Eriksen Translations,Twi,Over the Phone Interpretation,Schedule in Advance
Eriksen Translations,Twi,Over the Phone Interpretation,On Demand
Eriksen Translations,Ukrainian,Over the Phone Interpretation,On Demand
Eriksen Translations,Urdu,Over the Phone Interpretation,On Demand
Eriksen Translations,Uzbek,Over the Phone Interpretation,On Demand
Eriksen Translations,Uzbek,Over the Phone Interpretation,Schedule in Advance
Eriksen Translations,Uzbek,Over the Phone Interpretation,On Demand
Eriksen Translations,Vietnamese,Over the Phone Interpretation,On Demand
Eriksen Translations,Visayan,Over the Phone Interpretation,On Demand
Eriksen Translations,Wolof,Over the Phone Interpretation,Schedule in Advance
Eriksen Translations,Wolof,Over the Phone Interpretation,On Demand
Eriksen Translations,Wolof,Over the Phone Interpretation,On Demand
Eriksen Translations,Xhosa,Over the Phone Interpretation,Schedule in Advance
Eriksen Translations,Xhosa,Over the Phone Interpretation,On Demand
Eriksen Translations,Yapese,Over the Phone Interpretation,On Demand
Eriksen Translations,Yiddish,Over the Phone Interpretation,On Demand
Eriksen Translations,Yoruba,Over the Phone Interpretation,On Demand
Eriksen Translations,Yup’ik,Over the Phone Interpretation,On Demand
Eriksen Translations,Zapotec,Over the Phone Interpretation,Schedule in Advance
Eriksen Translations,Zapotec,Over the Phone Interpretation,On Demand
Eriksen Translations,Zulu,Over the Phone Interpretation,On Demand
GBR Interpreting & Translation Services,Akan,Over the Phone Interpretation,Schedule in Advance
GBR Interpreting & Translation Services,Akan,Video Remote Interpretation,Schedule in Advance
GBR Interpreting & Translation Services,Albanian,Did Not Specify,Did Not Specify
GBR Interpreting & Translation Services,American Sign Language,Did Not Specify,Did Not Specify
GBR Interpreting & Translation Services,Amharic,Did Not Specify,Did Not Specify
GBR Interpreting & Translation Services,Aniocha,Did Not Specify,Did Not Specify
GBR Interpreting & Translation Services,Anuak,Did Not Specify,Did Not Specify
GBR Interpreting & Translation Services,Arabic,Did Not Specify,Did Not Specify
GBR Interpreting & Translation Services,Arabic (Armenian),Did Not Specify,Did Not Specify
GBR Interpreting & Translation Services,Arabic (Egyptian),Over the Phone Interpretation,On Demand
GBR Interpreting & Translation Services,Arabic (Egyptian),Video Remote Interpretation,Schedule in Advance
GBR Interpreting & Translation Services,Arabic (Iraqi),Over the Phone Interpretation,On Demand
GBR Interpreting & Translation Services,Arabic (Iraqi),Video Remote Interpretation,Schedule in Advance
GBR Interpreting & Translation Services,Arabic (Jordanian),Over the Phone Interpretation,On Demand
GBR Interpreting & Translation Services,Arabic (Jordanian),Video Remote Interpretation,Schedule in Advance
GBR Interpreting & Translation Services,Arabic (Juba),Did Not Specify,Did Not Specify
GBR Interpreting & Translation Services,Arabic (Lebanese),Over the Phone Interpretation,On Demand
GBR Interpreting & Translation Services,Arabic (Lebanese),Video Remote Interpretation,Schedule in Advance
GBR Interpreting & Translation Services,Arabic (Levantine),Over the Phone Interpretation,On Demand
GBR Interpreting & Translation Services,Arabic (Levantine),Video Remote Interpretation,Schedule in Advance
GBR Interpreting & Translation Services,Arabic (Libyan),Over the Phone Interpretation,On Demand
GBR Interpreting & Translation Services,Arabic (Libyan),Video Remote Interpretation,Schedule in Advance
GBR Interpreting & Translation Services,Arabic (Moroccan),Over the Phone Interpretation,On Demand
GBR Interpreting & Translation Services,Arabic (Moroccan),Video Remote Interpretation,Schedule in Advance
GBR Interpreting & Translation Services,Arabic (Palestinian),Over the Phone Interpretation,On Demand
GBR Interpreting & Translation Services,Arabic (Palestinian),Video Remote Interpretation,Schedule in Advance
GBR Interpreting & Translation Services,Arabic (Sudanese),Over the Phone Interpretation,On Demand
GBR Interpreting & Translation Services,Arabic (Sudanese),Video Remote Interpretation,Schedule in Advance
GBR Interpreting & Translation Services,Arabic (Syrian),Over the Phone Interpretation,On Demand
GBR Interpreting & Translation Services,Arabic (Syrian),Video Remote Interpretation,Schedule in Advance
GBR Interpreting & Translation Services,Arabic (Tunisian),Over the Phone Interpretation,On Demand
GBR Interpreting & Translation Services,Arabic (Tunisian),Video Remote Interpretation,Schedule in Advance
GBR Interpreting & Translation Services,Arabic (Yemeni),Over the Phone Interpretation,On Demand
GBR Interpreting & Translation Services,Arabic (Yemeni),Video Remote Interpretation,Schedule in Advance
GBR Interpreting & Translation Services,Asante (Ashanti),Did Not Specify,Did Not Specify
GBR Interpreting & Translation Services,Bamanankan,Over the Phone Interpretation,Schedule in Advance
GBR Interpreting & Translation Services,Bamanankan,Video Remote Interpretation,Schedule in Advance
GBR Interpreting & Translation Services,Bambara,Did Not Specify,Did Not Specify
GBR Interpreting & Translation Services,Bangla,Did Not Specify,Did Not Specify
GBR Interpreting & Translation Services,Bassa,Did Not Specify,Did Not Specify
GBR Interpreting & Translation Services,Belarusian,Did Not Specify,Did Not Specify
GBR Interpreting & Translation Services,Berber,Did Not Specify,Did Not Specify
GBR Interpreting & Translation Services,Bhutanese,Over the Phone Interpretation,Schedule in Advance
GBR Interpreting & Translation Services,Bhutanese,Video Remote Interpretation,Schedule in Advance
GBR Interpreting & Translation Services,Bosnian,Over the Phone Interpretation,Schedule in Advance
GBR Interpreting & Translation Services,Bosnian,Video Remote Interpretation,Schedule in Advance
GBR Interpreting & Translation Services,Bulgarian,Did Not Specify,Did Not Specify
GBR Interpreting & Translation Services,Burmese,Over the Phone Interpretation,Schedule in Advance
GBR Interpreting & Translation Services,Burmese,Video Remote Interpretation,Schedule in Advance
GBR Interpreting & Translation Services,Cambodian,Did Not Specify,Did Not Specify
GBR Interpreting & Translation Services,Cantonese (Chinese),Over the Phone Interpretation,Schedule in Advance
GBR Interpreting & Translation Services,Cantonese (Chinese),Video Remote Interpretation,Schedule in Advance
GBR Interpreting & Translation Services,Cantonese (Chinese),Did Not Specify,Did Not Specify
GBR Interpreting & Translation Services,Catalan,Did Not Specify,Did Not Specify
GBR Interpreting & Translation Services,Cebuano,Did Not Specify,Did Not Specify
GBR Interpreting & Translation Services,Cham,Did Not Specify,Did Not Specify
GBR Interpreting & Translation Services,Chin (Hakha),Did Not Specify,Did Not Specify
GBR Interpreting & Translation Services,Chuukese,Did Not Specify,Did Not Specify
GBR Interpreting & Translation Services,Croatian,Over the Phone Interpretation,Schedule in Advance
GBR Interpreting & Translation Services,Croatian,Video Remote Interpretation,Schedule in Advance
GBR Interpreting & Translation Services,Czech,Did Not Specify,Did Not Specify
GBR Interpreting & Translation Services,Danish,Did Not Specify,Did Not Specify
GBR Interpreting & Translation Services,Dari,Over the Phone Interpretation,Schedule in Advance
GBR Interpreting & Translation Services,Dari,Video Remote Interpretation,Schedule in Advance
GBR Interpreting & Translation Services,Dioula (Dyula),Over the Phone Interpretation,Schedule in Advance
GBR Interpreting & Translation Services,Dioula (Dyula),Video Remote Interpretation,Schedule in Advance
GBR Interpreting & Translation Services,Dutch,Did Not Specify,Did Not Specify
GBR Interpreting & Translation Services,Ekegusii,Did Not Specify,Did Not Specify
GBR Interpreting & Translation Services,Ewe,Over the Phone Interpretation,Schedule in Advance
GBR Interpreting & Translation Services,Ewe,Video Remote Interpretation,Schedule in Advance
GBR Interpreting & Translation Services,Fanti,Did Not Specify,Did Not Specify
GBR Interpreting & Translation Services,Farsi (Persian),Over the Phone Interpretation,Schedule in Advance
GBR Interpreting & Translation Services,Farsi (Persian),Video Remote Interpretation,Schedule in Advance
GBR Interpreting & Translation Services,French,Did Not Specify,Did Not Specify
GBR Interpreting & Translation Services,Fulah (Gambia),Did Not Specify,Did Not Specify
GBR Interpreting & Translation Services,Fulani (Fula),Over the Phone Interpretation,Schedule in Advance
GBR Interpreting & Translation Services,Fulani (Fula),Video Remote Interpretation,Schedule in Advance
GBR Interpreting & Translation Services,Georgian,Did Not Specify,Did Not Specify
GBR Interpreting & Translation Services,German,Did Not Specify,Did Not Specify
GBR Interpreting & Translation Services,Gujarati,Over the Phone Interpretation,Schedule in Advance
GBR Interpreting & Translation Services,Gujarati,Video Remote Interpretation,Schedule in Advance
GBR Interpreting & Translation Services,Haitian Creole,Did Not Specify,Did Not Specify
GBR Interpreting & Translation Services,Harari,Did Not Specify,Did Not Specify
GBR Interpreting & Translation Services,Hausa,Did Not Specify,Did Not Specify
GBR Interpreting & Translation Services,Hebrew,Did Not Specify,Did Not Specify
GBR Interpreting & Translation Services,Hindi,Did Not Specify,Did Not Specify
GBR Interpreting & Translation Services,Hmong,Did Not Specify,Did Not Specify
GBR Interpreting & Translation Services,Hungarian,Over the Phone Interpretation,Schedule in Advance
GBR Interpreting & Translation Services,Hungarian,Video Remote Interpretation,Schedule in Advance
GBR Interpreting & Translation Services,Ibo,Did Not Specify,Did Not Specify
GBR Interpreting & Translation Services,Igbo,Did Not Specify,Did Not Specify
GBR Interpreting & Translation Services,Indonesian,Did Not Specify,Did Not Specify
GBR Interpreting & Translation Services,Jamaican Patuá,Over the Phone Interpretation,Schedule in Advance
GBR Interpreting & Translation Services,Jamaican Patuá,Video Remote Interpretation,Schedule in Advance
GBR Interpreting & Translation Services,Japanese,Did Not Specify,Did Not Specify
GBR Interpreting & Translation Services,Jarai,Did Not Specify,Did Not Specify
GBR Interpreting & Translation Services,Karen,Over the Phone Interpretation,Schedule in Advance
GBR Interpreting & Translation Services,Karen,Video Remote Interpretation,Schedule in Advance
GBR Interpreting & Translation Services,Karen (Pwo),Did Not Specify,Did Not Specify
GBR Interpreting & Translation Services,Karen (Sgaw),Did Not Specify,Did Not Specify
GBR Interpreting & Translation Services,Karenni (Kayah),Did Not Specify,Did Not Specify
GBR Interpreting & Translation Services,Katchi,Did Not Specify,Did Not Specify
GBR Interpreting & Translation Services,Kazakh,Did Not Specify,Did Not Specify
GBR Interpreting & Translation Services,Khmu,Did Not Specify,Did Not Specify
GBR Interpreting & Translation Services,Kikuyu,Did Not Specify,Did Not Specify
GBR Interpreting & Translation Services,Kinyankole,Did Not Specify,Did Not Specify
GBR Interpreting & Translation Services,Kinyarwanda,Over the Phone Interpretation,Schedule in Advance
GBR Interpreting & Translation Services,Kinyarwanda,Video Remote Interpretation,Schedule in Advance
GBR Interpreting & Translation Services,Kirundi,Over the Phone Interpretation,Schedule in Advance
GBR Interpreting & Translation Services,Kirundi,Video Remote Interpretation,Schedule in Advance
GBR Interpreting & Translation Services,Kisii (Gusii),Did Not Specify,Did Not Specify
GBR Interpreting & Translation Services,Kiswahili,Over the Phone Interpretation,Schedule in Advance
GBR Interpreting & Translation Services,Kiswahili,Video Remote Interpretation,Schedule in Advance
GBR Interpreting & Translation Services,Kitoro,Did Not Specify,Did Not Specify
GBR Interpreting & Translation Services,Konyaka,Over the Phone Interpretation,Schedule in Advance
GBR Interpreting & Translation Services,Konyaka,Video Remote Interpretation,Schedule in Advance
GBR Interpreting & Translation Services,Korean,Did Not Specify,Did Not Specify
GBR Interpreting & Translation Services,Kosraean,Did Not Specify,Did Not Specify
GBR Interpreting & Translation Services,Krahn,Did Not Specify,Did Not Specify
GBR Interpreting & Translation Services,Krio,Over the Phone Interpretation,Schedule in Advance
GBR Interpreting & Translation Services,Krio,Video Remote Interpretation,Schedule in Advance
GBR Interpreting & Translation Services,Kru,Did Not Specify,Did Not Specify
GBR Interpreting & Translation Services,Kunama,Over the Phone Interpretation,On Demand
GBR Interpreting & Translation Services,Kunama,Video Remote Interpretation,Schedule in Advance
GBR Interpreting & Translation Services,Kurdish,Over the Phone Interpretation,Schedule in Advance
GBR Interpreting & Translation Services,Kurdish,Video Remote Interpretation,Schedule in Advance
GBR Interpreting & Translation Services,Kurmanji,Did Not Specify,Did Not Specify
GBR Interpreting & Translation Services,Lao,Over the Phone Interpretation,Schedule in Advance
GBR Interpreting & Translation Services,Lao,Video Remote Interpretation,Schedule in Advance
GBR Interpreting & Translation Services,Liberian English,Did Not Specify,Did Not Specify
GBR Interpreting & Translation Services,Lingala,Over the Phone Interpretation,Schedule in Advance
GBR Interpreting & Translation Services,Lingala,Video Remote Interpretation,Schedule in Advance
GBR Interpreting & Translation Services,Lithuanian,Did Not Specify,Did Not Specify
GBR Interpreting & Translation Services,Loma,Did Not Specify,Did Not Specify
GBR Interpreting & Translation Services,Luganda,Over the Phone Interpretation,Schedule in Advance
GBR Interpreting & Translation Services,Luganda,Video Remote Interpretation,Schedule in Advance
GBR Interpreting & Translation Services,Lunyankore,Over the Phone Interpretation,Schedule in Advance
GBR Interpreting & Translation Services,Lunyankore,Video Remote Interpretation,Schedule in Advance
GBR Interpreting & Translation Services,Maay,Did Not Specify,Did Not Specify
GBR Interpreting & Translation Services,Mai Mai,Did Not Specify,Did Not Specify
GBR Interpreting & Translation Services,Malay,Over the Phone Interpretation,Schedule in Advance
GBR Interpreting & Translation Services,Malay,Video Remote Interpretation,Schedule in Advance
GBR Interpreting & Translation Services,Malinke,Did Not Specify,Did Not Specify
GBR Interpreting & Translation Services,Mandarin (Chinese),Did Not Specify,Did Not Specify
GBR Interpreting & Translation Services,Mandingo,Did Not Specify,Did Not Specify
GBR Interpreting & Translation Services,Mandinka,Did Not Specify,Did Not Specify
GBR Interpreting & Translation Services,Mano,Did Not Specify,Did Not Specify
GBR Interpreting & Translation Services,Maraka,Did Not Specify,Did Not Specify
GBR Interpreting & Translation Services,Marka,Over the Phone Interpretation,Schedule in Advance
GBR Interpreting & Translation Services,Marka,Video Remote Interpretation,Schedule in Advance
GBR Interpreting & Translation Services,Mende,Did Not Specify,Did Not Specify
GBR Interpreting & Translation Services,Mina,Over the Phone Interpretation,Schedule in Advance
GBR Interpreting & Translation Services,Mina,Video Remote Interpretation,Schedule in Advance
GBR Interpreting & Translation Services,Moldovan,Over the Phone Interpretation,Schedule in Advance
GBR Interpreting & Translation Services,Moldovan,Video Remote Interpretation,Schedule in Advance
GBR Interpreting & Translation Services,Mongolian,Did Not Specify,Did Not Specify
GBR Interpreting & Translation Services,Mortlockese,Did Not Specify,Did Not Specify
GBR Interpreting & Translation Services,Nepali,Over the Phone Interpretation,Schedule in Advance
GBR Interpreting & Translation Services,Nepali,Video Remote Interpretation,Schedule in Advance
GBR Interpreting & Translation Services,Norwegian,Did Not Specify,Did Not Specify
GBR Interpreting & Translation Services,Nuer,Did Not Specify,Did Not Specify
GBR Interpreting & Translation Services,Oriya,Did Not Specify,Did Not Specify
GBR Interpreting & Translation Services,Oromo,Did Not Specify,Did Not Specify
GBR Interpreting & Translation Services,Oromo-Borano,Did Not Specify,Did Not Specify
GBR Interpreting & Translation Services,Pashto,Over the Phone Interpretation,Schedule in Advance
GBR Interpreting & Translation Services,Pashto,Video Remote Interpretation,Schedule in Advance
GBR Interpreting & Translation Services,Pidgin English,Did Not Specify,Did Not Specify
GBR Interpreting & Translation Services,Polish,Did Not Specify,Did Not Specify
GBR Interpreting & Translation Services,Ponapean (Pohnpeian),Did Not Specify,Did Not Specify
GBR Interpreting & Translation Services,Portuguese,Did Not Specify,Did Not Specify
GBR Interpreting & Translation Services,Pulaar,Did Not Specify,Did Not Specify
GBR Interpreting & Translation Services,Pull,Over the Phone Interpretation,Schedule in Advance
GBR Interpreting & Translation Services,Pull,Video Remote Interpretation,Schedule in Advance
GBR Interpreting & Translation Services,Punjabi,Did Not Specify,Did Not Specify
GBR Interpreting & Translation Services,Rohingya,Over the Phone Interpretation,Schedule in Advance
GBR Interpreting & Translation Services,Rohingya,Video Remote Interpretation,Schedule in Advance
GBR Interpreting & Translation Services,Romanian,Over the Phone Interpretation,Schedule in Advance
GBR Interpreting & Translation Services,Romanian,Video Remote Interpretation,Schedule in Advance
GBR Interpreting & Translation Services,Russian,Did Not Specify,Did Not Specify
GBR Interpreting & Translation Services,Saraiki,Did Not Specify,Did Not Specify
GBR Interpreting & Translation Services,Sarpo,Did Not Specify,Did Not Specify
GBR Interpreting & Translation Services,Serbian,Over the Phone Interpretation,Schedule in Advance
GBR Interpreting & Translation Services,Serbian,Video Remote Interpretation,Schedule in Advance
GBR Interpreting & Translation Services,Slovak,Did Not Specify,Did Not Specify
GBR Interpreting & Translation Services,Slovenian,Did Not Specify,Did Not Specify
GBR Interpreting & Translation Services,Somali,Over the Phone Interpretation,On Demand
GBR Interpreting & Translation Services,Somali,Video Remote Interpretation,Schedule in Advance
GBR Interpreting & Translation Services,Soninke,Over the Phone Interpretation,Schedule in Advance
GBR Interpreting & Translation Services,Soninke,Video Remote Interpretation,Schedule in Advance
GBR Interpreting & Translation Services,Soussou,Did Not Specify,Did Not Specify
GBR Interpreting & Translation Services,Su-Su,Did Not Specify,Did Not Specify
GBR Interpreting & Translation Services,Swahili,Over the Phone Interpretation,Schedule in Advance
GBR Interpreting & Translation Services,Swahili,Video Remote Interpretation,Schedule in Advance
GBR Interpreting & Translation Services,Swedish,Did Not Specify,Did Not Specify
GBR Interpreting & Translation Services,Sylheti,Did Not Specify,Did Not Specify
GBR Interpreting & Translation Services,Tagalog,Did Not Specify,Did Not Specify
GBR Interpreting & Translation Services,Taiwanese (Min-Nan),Did Not Specify,Did Not Specify
GBR Interpreting & Translation Services,Tajik,Over the Phone Interpretation,Schedule in Advance
GBR Interpreting & Translation Services,Tajik,Over the Phone Interpretation,Schedule in Advance
GBR Interpreting & Translation Services,Tajik,Video Remote Interpretation,Schedule in Advance
GBR Interpreting & Translation Services,Tajik,Video Remote Interpretation,Schedule in Advance
GBR Interpreting & Translation Services,Tamil,Over the Phone Interpretation,Schedule in Advance
GBR Interpreting & Translation Services,Tamil,Video Remote Interpretation,Schedule in Advance
GBR Interpreting & Translation Services,Thai,Did Not Specify,Did Not Specify
GBR Interpreting & Translation Services,Tibetan,Over the Phone Interpretation,Schedule in Advance
GBR Interpreting & Translation Services,Tibetan,Video Remote Interpretation,Schedule in Advance
GBR Interpreting & Translation Services,Tigre,Over the Phone Interpretation,On Demand
GBR Interpreting & Translation Services,Tigre,Video Remote Interpretation,Schedule in Advance
GBR Interpreting & Translation Services,Tigrigna (Tigrinya),Over the Phone Interpretation,On Demand
GBR Interpreting & Translation Services,Tigrigna (Tigrinya),Video Remote Interpretation,Schedule in Advance
GBR Interpreting & Translation Services,Trukese,Did Not Specify,Did Not Specify
GBR Interpreting & Translation Services,Turkish,Over the Phone Interpretation,Schedule in Advance
GBR Interpreting & Translation Services,Turkish,Video Remote Interpretation,Schedule in Advance
GBR Interpreting & Translation Services,Turkmen,Did Not Specify,Did Not Specify
GBR Interpreting & Translation Services,Twi,Over the Phone Interpretation,Schedule in Advance
GBR Interpreting & Translation Services,Twi,Video Remote Interpretation,Schedule in Advance
GBR Interpreting & Translation Services,Ukrainian,Did Not Specify,Did Not Specify
GBR Interpreting & Translation Services,Urdu,Over the Phone Interpretation,Schedule in Advance
GBR Interpreting & Translation Services,Urdu,Over the Phone Interpretation,Schedule in Advance
GBR Interpreting & Translation Services,Urdu,Video Remote Interpretation,Schedule in Advance
GBR Interpreting & Translation Services,Urdu,Video Remote Interpretation,Schedule in Advance
GBR Interpreting & Translation Services,Uzbek,Over the Phone Interpretation,Schedule in Advance
GBR Interpreting & Translation Services,Uzbek,Video Remote Interpretation,Schedule in Advance
GBR Interpreting & Translation Services,Vietnamese,Did Not Specify,Did Not Specify
GBR Interpreting & Translation Services,Waray,Did Not Specify,Did Not Specify
GBR Interpreting & Translation Services,Wolof,Over the Phone Interpretation,Schedule in Advance
GBR Interpreting & Translation Services,Wolof,Video Remote Interpretation,Schedule in Advance
GBR Interpreting & Translation Services,Yoruba,Did Not Specify,Did Not Specify
GBR Interpreting & Translation Services,Zomi,Did Not Specify,Did Not Specify
Global Employmen Services Inc,Afar,In-Person Interpretation (Consecutive),Schedule in Advance
Global Employmen Services Inc,Afar,In-Person Interpretation (Simultaneous),Schedule in Advance
Global Employmen Services Inc,Afar,Video Remote Interpretation,Schedule in Advance
Global Employmen Services Inc,Akan,In-Person Interpretation (Consecutive),Schedule in Advance
Global Employmen Services Inc,Akan,In-Person Interpretation (Simultaneous),Schedule in Advance
Global Employmen Services Inc,Akan,Video Remote Interpretation,Schedule in Advance
Global Employmen Services Inc,Arabic (Egyptian),In-Person Interpretation (Consecutive),Schedule in Advance
Global Employmen Services Inc,Arabic (Egyptian),In-Person Interpretation (Simultaneous),Schedule in Advance
Global Employmen Services Inc,Arabic (Egyptian),Video Remote Interpretation,Schedule in Advance
Global Employmen Services Inc,Bamanankan,In-Person Interpretation (Consecutive),Schedule in Advance
Global Employmen Services Inc,Bamanankan,In-Person Interpretation (Simultaneous),Schedule in Advance
Global Employmen Services Inc,Bamanankan,Video Remote Interpretation,Schedule in Advance
Global Employmen Services Inc,Bosnian,In-Person Interpretation (Consecutive),Schedule in Advance
Global Employmen Services Inc,Bosnian,In-Person Interpretation (Simultaneous),Schedule in Advance
Global Employmen Services Inc,Bosnian,Video Remote Interpretation,Schedule in Advance
Global Employmen Services Inc,British Sign Language,In-Person Interpretation (Consecutive),Schedule in Advance
Global Employmen Services Inc,British Sign Language,In-Person Interpretation (Simultaneous),Schedule in Advance
Global Employmen Services Inc,British Sign Language,Video Remote Interpretation,Schedule in Advance
Global Employmen Services Inc,Cantonese (Chinese),In-Person Interpretation (Consecutive),Schedule in Advance
Global Employmen Services Inc,Cantonese (Chinese),In-Person Interpretation (Simultaneous),Schedule in Advance
Global Employmen Services Inc,Cantonese (Chinese),Video Remote Interpretation,Schedule in Advance
Global Employmen Services Inc,Chinese (Fujianese),In-Person Interpretation (Consecutive),Schedule in Advance
Global Employmen Services Inc,Chinese (Fujianese),In-Person Interpretation (Simultaneous),Schedule in Advance
Global Employmen Services Inc,Chinese (Fujianese),Video Remote Interpretation,Schedule in Advance
Global Employmen Services Inc,Chinese (Fuzhounese),In-Person Interpretation (Consecutive),Schedule in Advance
Global Employmen Services Inc,Chinese (Fuzhounese),In-Person Interpretation (Simultaneous),Schedule in Advance
Global Employmen Services Inc,Chinese (Fuzhounese),Video Remote Interpretation,Schedule in Advance
Global Employmen Services Inc,Chinese (Taishanese),In-Person Interpretation (Consecutive),Schedule in Advance
Global Employmen Services Inc,Chinese (Taishanese),In-Person Interpretation (Simultaneous),Schedule in Advance
Global Employmen Services Inc,Chinese (Taishanese),Video Remote Interpretation,Schedule in Advance
Global Employmen Services Inc,Chinese (Wenzhounese),In-Person Interpretation (Consecutive),Schedule in Advance
Global Employmen Services Inc,Chinese (Wenzhounese),In-Person Interpretation (Simultaneous),Schedule in Advance
Global Employmen Services Inc,Chinese (Wenzhounese),Video Remote Interpretation,Schedule in Advance
Global Employmen Services Inc,Chinese Sign Language,In-Person Interpretation (Consecutive),Schedule in Advance
Global Employmen Services Inc,Chinese Sign Language,In-Person Interpretation (Simultaneous),Schedule in Advance
Global Employmen Services Inc,Chinese Sign Language,Video Remote Interpretation,Schedule in Advance
Global Employmen Services Inc,Ewe,In-Person Interpretation (Consecutive),Schedule in Advance
Global Employmen Services Inc,Ewe,In-Person Interpretation (Simultaneous),Schedule in Advance
Global Employmen Services Inc,Ewe,Video Remote Interpretation,Schedule in Advance
Global Employmen Services Inc,Farsi (Persian),In-Person Interpretation (Consecutive),Schedule in Advance
Global Employmen Services Inc,Farsi (Persian),In-Person Interpretation (Simultaneous),Schedule in Advance
Global Employmen Services Inc,Farsi (Persian),Video Remote Interpretation,Schedule in Advance
Global Employmen Services Inc,French Sign Language,In-Person Interpretation (Consecutive),Schedule in Advance
Global Employmen Services Inc,French Sign Language,In-Person Interpretation (Simultaneous),Schedule in Advance
Global Employmen Services Inc,French Sign Language,Video Remote Interpretation,Schedule in Advance
Global Employmen Services Inc,Fulani (Fula),In-Person Interpretation (Consecutive),Schedule in Advance
Global Employmen Services Inc,Fulani (Fula),In-Person Interpretation (Simultaneous),Schedule in Advance
Global Employmen Services Inc,Fulani (Fula),Video Remote Interpretation,Schedule in Advance
Global Employmen Services Inc,Guinea-Bissau Creole,In-Person Interpretation (Consecutive),Schedule in Advance
Global Employmen Services Inc,Guinea-Bissau Creole,In-Person Interpretation (Simultaneous),Schedule in Advance
Global Employmen Services Inc,Guinea-Bissau Creole,Video Remote Interpretation,Schedule in Advance
Global Employmen Services Inc,Hungarian,In-Person Interpretation (Consecutive),Schedule in Advance
Global Employmen Services Inc,Hungarian,In-Person Interpretation (Simultaneous),Schedule in Advance
Global Employmen Services Inc,Hungarian,Video Remote Interpretation,Schedule in Advance
Global Employmen Services Inc,Irish Sign Language,In-Person Interpretation (Consecutive),Schedule in Advance
Global Employmen Services Inc,Irish Sign Language,In-Person Interpretation (Simultaneous),Schedule in Advance
Global Employmen Services Inc,Irish Sign Language,Video Remote Interpretation,Schedule in Advance
Global Employmen Services Inc,Jamaican Patuá,In-Person Interpretation (Consecutive),Schedule in Advance
Global Employmen Services Inc,Jamaican Patuá,In-Person Interpretation (Simultaneous),Schedule in Advance
Global Employmen Services Inc,Jamaican Patuá,Video Remote Interpretation,Schedule in Advance
Global Employmen Services Inc,Japanese Sign Language,In-Person Interpretation (Consecutive),Schedule in Advance
Global Employmen Services Inc,Japanese Sign Language,In-Person Interpretation (Simultaneous),Schedule in Advance
Global Employmen Services Inc,Japanese Sign Language,Video Remote Interpretation,Schedule in Advance
Global Employmen Services Inc,Karen,In-Person Interpretation (Consecutive),Schedule in Advance
Global Employmen Services Inc,Karen,In-Person Interpretation (Simultaneous),Schedule in Advance
Global Employmen Services Inc,Karen,Video Remote Interpretation,Schedule in Advance
Global Employmen Services Inc,Kirundi,In-Person Interpretation (Consecutive),Schedule in Advance
Global Employmen Services Inc,Kirundi,In-Person Interpretation (Simultaneous),Schedule in Advance
Global Employmen Services Inc,Kirundi,Video Remote Interpretation,Schedule in Advance
Global Employmen Services Inc,Lao,In-Person Interpretation (Consecutive),Schedule in Advance
Global Employmen Services Inc,Lao,In-Person Interpretation (Simultaneous),Schedule in Advance
Global Employmen Services Inc,Lao,Video Remote Interpretation,Schedule in Advance
Global Employmen Services Inc,Latvian,In-Person Interpretation (Consecutive),Schedule in Advance
Global Employmen Services Inc,Latvian,In-Person Interpretation (Simultaneous),Schedule in Advance
Global Employmen Services Inc,Latvian,Video Remote Interpretation,Schedule in Advance
Global Employmen Services Inc,Macanese Patuá,In-Person Interpretation (Consecutive),Schedule in Advance
Global Employmen Services Inc,Macanese Patuá,In-Person Interpretation (Simultaneous),Schedule in Advance
Global Employmen Services Inc,Macanese Patuá,Video Remote Interpretation,Schedule in Advance
Global Employmen Services Inc,Malayalam,In-Person Interpretation (Consecutive),Schedule in Advance
Global Employmen Services Inc,Malayalam,In-Person Interpretation (Simultaneous),Schedule in Advance
Global Employmen Services Inc,Malayalam,Video Remote Interpretation,Schedule in Advance
Global Employmen Services Inc,Mandinka,In-Person Interpretation (Consecutive),Schedule in Advance
Global Employmen Services Inc,Mandinka,In-Person Interpretation (Simultaneous),Schedule in Advance
Global Employmen Services Inc,Mandinka,Video Remote Interpretation,Schedule in Advance
Global Employmen Services Inc,Maninka,In-Person Interpretation (Consecutive),Schedule in Advance
Global Employmen Services Inc,Maninka,In-Person Interpretation (Simultaneous),Schedule in Advance
Global Employmen Services Inc,Nahuátl,In-Person Interpretation (Consecutive),Schedule in Advance
Global Employmen Services Inc,Nahuátl,In-Person Interpretation (Simultaneous),Schedule in Advance
Global Employmen Services Inc,Nahuátl,Video Remote Interpretation,Schedule in Advance
Global Employmen Services Inc,Rohingya,In-Person Interpretation (Consecutive),Schedule in Advance
Global Employmen Services Inc,Rohingya,In-Person Interpretation (Simultaneous),Schedule in Advance
Global Employmen Services Inc,Rohingya,Video Remote Interpretation,Schedule in Advance
Global Employmen Services Inc,Romanian,In-Person Interpretation (Consecutive),Schedule in Advance
Global Employmen Services Inc,Romanian,In-Person Interpretation (Simultaneous),Schedule in Advance
Global Employmen Services Inc,Romanian,Video Remote Interpretation,Schedule in Advance
Global Employmen Services Inc,Serbian,In-Person Interpretation (Consecutive),Schedule in Advance
Global Employmen Services Inc,Serbian,In-Person Interpretation (Simultaneous),Schedule in Advance
Global Employmen Services Inc,Serbian,Video Remote Interpretation,Schedule in Advance
Global Employmen Services Inc,Slovak,In-Person Interpretation (Consecutive),Schedule in Advance
Global Employmen Services Inc,Slovak,In-Person Interpretation (Simultaneous),Schedule in Advance
Global Employmen Services Inc,Slovak,Video Remote Interpretation,Schedule in Advance
Global Employmen Services Inc,Somali,In-Person Interpretation (Consecutive),Schedule in Advance
Global Employmen Services Inc,Somali,In-Person Interpretation (Simultaneous),Schedule in Advance
Global Employmen Services Inc,Somali,Video Remote Interpretation,Schedule in Advance
Global Employmen Services Inc,Soninke,In-Person Interpretation (Consecutive),Schedule in Advance
Global Employmen Services Inc,Soninke,In-Person Interpretation (Simultaneous),Schedule in Advance
Global Employmen Services Inc,Soninke,Video Remote Interpretation,Schedule in Advance
Global Employmen Services Inc,Swahili,In-Person Interpretation (Consecutive),Schedule in Advance
Global Employmen Services Inc,Swahili,In-Person Interpretation (Simultaneous),Schedule in Advance
Global Employmen Services Inc,Swahili,Video Remote Interpretation,Schedule in Advance
Global Employmen Services Inc,Sylheti,In-Person Interpretation (Consecutive),Schedule in Advance
Global Employmen Services Inc,Sylheti,In-Person Interpretation (Simultaneous),Schedule in Advance
Global Employmen Services Inc,Sylheti,Video Remote Interpretation,Schedule in Advance
Global Employmen Services Inc,Tamil,In-Person Interpretation (Consecutive),Schedule in Advance
Global Employmen Services Inc,Tamil,In-Person Interpretation (Simultaneous),Schedule in Advance
Global Employmen Services Inc,Tamil,Video Remote Interpretation,Schedule in Advance
Global Employmen Services Inc,Tibetan,In-Person Interpretation (Consecutive),Schedule in Advance
Global Employmen Services Inc,Tibetan,In-Person Interpretation (Simultaneous),Schedule in Advance
Global Employmen Services Inc,Tibetan,Video Remote Interpretation,Schedule in Advance
Global Employmen Services Inc,Tigrigna (Tigrinya),In-Person Interpretation (Consecutive),Schedule in Advance
Global Employmen Services Inc,Tigrigna (Tigrinya),In-Person Interpretation (Simultaneous),Schedule in Advance
Global Employmen Services Inc,Tigrigna (Tigrinya),Video Remote Interpretation,Schedule in Advance
Global Employmen Services Inc,Turkish,In-Person Interpretation (Consecutive),Schedule in Advance
Global Employmen Services Inc,Turkish,In-Person Interpretation (Simultaneous),Schedule in Advance
Global Employmen Services Inc,Turkish,Video Remote Interpretation,Schedule in Advance
Global Employmen Services Inc,Twi,In-Person Interpretation (Consecutive),Schedule in Advance
Global Employmen Services Inc,Twi,In-Person Interpretation (Simultaneous),Schedule in Advance
Global Employmen Services Inc,Twi,Video Remote Interpretation,Schedule in Advance
Global Employmen Services Inc,Uzbek,In-Person Interpretation (Consecutive),Schedule in Advance
Global Employmen Services Inc,Uzbek,In-Person Interpretation (Simultaneous),Schedule in Advance
Global Employmen Services Inc,Uzbek,Video Remote Interpretation,Schedule in Advance
Global Employmen Services Inc,Wolof,In-Person Interpretation (Consecutive),Schedule in Advance
Global Employmen Services Inc,Wolof,In-Person Interpretation (Simultaneous),Schedule in Advance
Global Employmen Services Inc,Wolof,Video Remote Interpretation,Schedule in Advance
Interpreters Unlimited Inc,Afar,Over the Phone Interpretation,On Demand
Interpreters Unlimited Inc,Afar,Over the Phone Interpretation,Schedule in Advance
Interpreters Unlimited Inc,Afar,Video Remote Interpretation,On Demand
Interpreters Unlimited Inc,Afar,Video Remote Interpretation,Schedule in Advance
Interpreters Unlimited Inc,Akan,Over the Phone Interpretation,Schedule in Advance
Interpreters Unlimited Inc,Akan,Over the Phone Interpretation,On Demand
Interpreters Unlimited Inc,Akan,Video Remote Interpretation,On Demand
Interpreters Unlimited Inc,Akan,Video Remote Interpretation,Schedule in Advance
Interpreters Unlimited Inc,Arabic (Egyptian),Over the Phone Interpretation,On Demand
Interpreters Unlimited Inc,Arabic (Egyptian),Over the Phone Interpretation,Schedule in Advance
Interpreters Unlimited Inc,Arabic (Egyptian),Video Remote Interpretation,Schedule in Advance
Interpreters Unlimited Inc,Arabic (Egyptian),Video Remote Interpretation,On Demand
Interpreters Unlimited Inc,Bamanankan,Over the Phone Interpretation,Schedule in Advance
Interpreters Unlimited Inc,Bamanankan,Over the Phone Interpretation,On Demand
Interpreters Unlimited Inc,Bamanankan,Video Remote Interpretation,On Demand
Interpreters Unlimited Inc,Bamanankan,Video Remote Interpretation,Schedule in Advance
Interpreters Unlimited Inc,Bosnian,In-Person Interpretation (Consecutive),Schedule in Advance
Interpreters Unlimited Inc,Bosnian,Over the Phone Interpretation,On Demand
Interpreters Unlimited Inc,Bosnian,Over the Phone Interpretation,Schedule in Advance
Interpreters Unlimited Inc,Bosnian,Video Remote Interpretation,Schedule in Advance
Interpreters Unlimited Inc,Bosnian,Video Remote Interpretation,On Demand
Interpreters Unlimited Inc,British Sign Language,In-Person Interpretation (Consecutive),Schedule in Advance
Interpreters Unlimited Inc,British Sign Language,In-Person Interpretation (Simultaneous),Schedule in Advance
Interpreters Unlimited Inc,British Sign Language,Video Remote Interpretation,Schedule in Advance
Interpreters Unlimited Inc,British Sign Language,Video Remote Interpretation,On Demand
Interpreters Unlimited Inc,Cantonese (Chinese),In-Person Interpretation (Consecutive),Schedule in Advance
Interpreters Unlimited Inc,Cantonese (Chinese),Over the Phone Interpretation,On Demand
Interpreters Unlimited Inc,Cantonese (Chinese),Over the Phone Interpretation,Schedule in Advance
Interpreters Unlimited Inc,Cantonese (Chinese),Video Remote Interpretation,On Demand
Interpreters Unlimited Inc,Cantonese (Chinese),Video Remote Interpretation,Schedule in Advance
Interpreters Unlimited Inc,Chinese (Fujianese),In-Person Interpretation (Consecutive),Schedule in Advance
Interpreters Unlimited Inc,Chinese (Fujianese),Over the Phone Interpretation,Schedule in Advance
Interpreters Unlimited Inc,Chinese (Fujianese),Over the Phone Interpretation,On Demand
Interpreters Unlimited Inc,Chinese (Fujianese),Video Remote Interpretation,On Demand
Interpreters Unlimited Inc,Chinese (Fujianese),Video Remote Interpretation,Schedule in Advance
Interpreters Unlimited Inc,Chinese (Fuzhounese),In-Person Interpretation (Consecutive),Schedule in Advance
Interpreters Unlimited Inc,Chinese (Fuzhounese),Over the Phone Interpretation,On Demand
Interpreters Unlimited Inc,Chinese (Fuzhounese),Over the Phone Interpretation,Schedule in Advance
Interpreters Unlimited Inc,Chinese (Fuzhounese),Video Remote Interpretation,Schedule in Advance
Interpreters Unlimited Inc,Chinese (Fuzhounese),Video Remote Interpretation,On Demand
Interpreters Unlimited Inc,Chinese (Taishanese),In-Person Interpretation (Consecutive),Schedule in Advance
Interpreters Unlimited Inc,Chinese (Taishanese),Over the Phone Interpretation,On Demand
Interpreters Unlimited Inc,Chinese (Taishanese),Over the Phone Interpretation,Schedule in Advance
Interpreters Unlimited Inc,Chinese (Taishanese),Video Remote Interpretation,On Demand
Interpreters Unlimited Inc,Chinese (Taishanese),Video Remote Interpretation,Schedule in Advance
Interpreters Unlimited Inc,Chinese (Wenzhounese),Over the Phone Interpretation,Schedule in Advance
Interpreters Unlimited Inc,Chinese (Wenzhounese),Over the Phone Interpretation,On Demand
Interpreters Unlimited Inc,Chinese (Wenzhounese),Video Remote Interpretation,Schedule in Advance
Interpreters Unlimited Inc,Chinese (Wenzhounese),Video Remote Interpretation,On Demand
Interpreters Unlimited Inc,Chinese Sign Language,In-Person Interpretation (Consecutive),Schedule in Advance
Interpreters Unlimited Inc,Chinese Sign Language,In-Person Interpretation (Simultaneous),Schedule in Advance
Interpreters Unlimited Inc,Chinese Sign Language,Video Remote Interpretation,Schedule in Advance
Interpreters Unlimited Inc,Chinese Sign Language,Video Remote Interpretation,On Demand
Interpreters Unlimited Inc,Ewe,Over the Phone Interpretation,On Demand
Interpreters Unlimited Inc,Ewe,Over the Phone Interpretation,Schedule in Advance
Interpreters Unlimited Inc,Ewe,Video Remote Interpretation,Schedule in Advance
Interpreters Unlimited Inc,Ewe,Video Remote Interpretation,On Demand
Interpreters Unlimited Inc,Farsi (Persian),In-Person Interpretation (Consecutive),Schedule in Advance
Interpreters Unlimited Inc,Farsi (Persian),Over the Phone Interpretation,On Demand
Interpreters Unlimited Inc,Farsi (Persian),Over the Phone Interpretation,Schedule in Advance
Interpreters Unlimited Inc,Farsi (Persian),Video Remote Interpretation,Schedule in Advance
Interpreters Unlimited Inc,Farsi (Persian),Video Remote Interpretation,On Demand
Interpreters Unlimited Inc,French Sign Language,In-Person Interpretation (Consecutive),Schedule in Advance
Interpreters Unlimited Inc,French Sign Language,In-Person Interpretation (Simultaneous),Schedule in Advance
Interpreters Unlimited Inc,French Sign Language,Video Remote Interpretation,On Demand
Interpreters Unlimited Inc,French Sign Language,Video Remote Interpretation,Schedule in Advance
Interpreters Unlimited Inc,Fulani (Fula),Over the Phone Interpretation,On Demand
Interpreters Unlimited Inc,Fulani (Fula),Over the Phone Interpretation,Schedule in Advance
Interpreters Unlimited Inc,Fulani (Fula),Video Remote Interpretation,On Demand
Interpreters Unlimited Inc,Fulani (Fula),Video Remote Interpretation,Schedule in Advance
Interpreters Unlimited Inc,Guinea-Bissau Creole,In-Person Interpretation (Simultaneous),Schedule in Advance
Interpreters Unlimited Inc,Guinea-Bissau Creole,Over the Phone Interpretation,Schedule in Advance
Interpreters Unlimited Inc,Guinea-Bissau Creole,Over the Phone Interpretation,On Demand
Interpreters Unlimited Inc,Guinea-Bissau Creole,Video Remote Interpretation,On Demand
Interpreters Unlimited Inc,Guinea-Bissau Creole,Video Remote Interpretation,Schedule in Advance
Interpreters Unlimited Inc,Hungarian,In-Person Interpretation (Consecutive),Schedule in Advance
Interpreters Unlimited Inc,Hungarian,Over the Phone Interpretation,Schedule in Advance
Interpreters Unlimited Inc,Hungarian,Over the Phone Interpretation,On Demand
Interpreters Unlimited Inc,Hungarian,Video Remote Interpretation,Schedule in Advance
Interpreters Unlimited Inc,Hungarian,Video Remote Interpretation,On Demand
Interpreters Unlimited Inc,Irish Sign Language,In-Person Interpretation (Consecutive),Schedule in Advance
Interpreters Unlimited Inc,Irish Sign Language,In-Person Interpretation (Simultaneous),Schedule in Advance
Interpreters Unlimited Inc,Irish Sign Language,Video Remote Interpretation,Schedule in Advance
Interpreters Unlimited Inc,Irish Sign Language,Video Remote Interpretation,On Demand
Interpreters Unlimited Inc,Jamaican Patuá,In-Person Interpretation (Simultaneous),Schedule in Advance
Interpreters Unlimited Inc,Jamaican Patuá,Over the Phone Interpretation,On Demand
Interpreters Unlimited Inc,Jamaican Patuá,Over the Phone Interpretation,Schedule in Advance
Interpreters Unlimited Inc,Jamaican Patuá,Video Remote Interpretation,On Demand
Interpreters Unlimited Inc,Jamaican Patuá,Video Remote Interpretation,Schedule in Advance
Interpreters Unlimited Inc,Japanese Sign Language,In-Person Interpretation (Consecutive),Schedule in Advance
Interpreters Unlimited Inc,Japanese Sign Language,In-Person Interpretation (Simultaneous),Schedule in Advance
Interpreters Unlimited Inc,Japanese Sign Language,Video Remote Interpretation,Schedule in Advance
Interpreters Unlimited Inc,Japanese Sign Language,Video Remote Interpretation,On Demand
Interpreters Unlimited Inc,Karen,In-Person Interpretation (Consecutive),Schedule in Advance
Interpreters Unlimited Inc,Karen,Over the Phone Interpretation,On Demand
Interpreters Unlimited Inc,Karen,Over the Phone Interpretation,Schedule in Advance
Interpreters Unlimited Inc,Karen,Video Remote Interpretation,Schedule in Advance
Interpreters Unlimited Inc,Karen,Video Remote Interpretation,On Demand
Interpreters Unlimited Inc,Kirundi,Over the Phone Interpretation,On Demand
Interpreters Unlimited Inc,Kirundi,Over the Phone Interpretation,Schedule in Advance
Interpreters Unlimited Inc,Kirundi,Video Remote Interpretation,Schedule in Advance
Interpreters Unlimited Inc,Kirundi,Video Remote Interpretation,On Demand
Interpreters Unlimited Inc,Lao,In-Person Interpretation (Consecutive),Schedule in Advance
Interpreters Unlimited Inc,Lao,Over the Phone Interpretation,Schedule in Advance
Interpreters Unlimited Inc,Lao,Over the Phone Interpretation,On Demand
Interpreters Unlimited Inc,Lao,Video Remote Interpretation,On Demand
Interpreters Unlimited Inc,Lao,Video Remote Interpretation,Schedule in Advance
Interpreters Unlimited Inc,Latvian,In-Person Interpretation (Consecutive),Schedule in Advance
Interpreters Unlimited Inc,Latvian,Over the Phone Interpretation,On Demand
Interpreters Unlimited Inc,Latvian,Over the Phone Interpretation,Schedule in Advance
Interpreters Unlimited Inc,Latvian,Video Remote Interpretation,Schedule in Advance
Interpreters Unlimited Inc,Latvian,Video Remote Interpretation,On Demand
Interpreters Unlimited Inc,Macanese Patuá,In-Person Interpretation (Simultaneous),Schedule in Advance
Interpreters Unlimited Inc,Macanese Patuá,Over the Phone Interpretation,Schedule in Advance
Interpreters Unlimited Inc,Macanese Patuá,Over the Phone Interpretation,On Demand
Interpreters Unlimited Inc,Macanese Patuá,Video Remote Interpretation,Schedule in Advance
Interpreters Unlimited Inc,Macanese Patuá,Video Remote Interpretation,On Demand
Interpreters Unlimited Inc,Malayalam,Over the Phone Interpretation,On Demand
Interpreters Unlimited Inc,Malayalam,Over the Phone Interpretation,Schedule in Advance
Interpreters Unlimited Inc,Malayalam,Video Remote Interpretation,On Demand
Interpreters Unlimited Inc,Malayalam,Video Remote Interpretation,Schedule in Advance
Interpreters Unlimited Inc,Mandinka,Over the Phone Interpretation,On Demand
Interpreters Unlimited Inc,Mandinka,Over the Phone Interpretation,Schedule in Advance
Interpreters Unlimited Inc,Mandinka,Video Remote Interpretation,On Demand
Interpreters Unlimited Inc,Mandinka,Video Remote Interpretation,Schedule in Advance
Interpreters Unlimited Inc,Maninka,Over the Phone Interpretation,Schedule in Advance
Interpreters Unlimited Inc,Maninka,Over the Phone Interpretation,On Demand
Interpreters Unlimited Inc,Maninka,Video Remote Interpretation,Schedule in Advance
Interpreters Unlimited Inc,Maninka,Video Remote Interpretation,On Demand
Interpreters Unlimited Inc,Nahuátl,Over the Phone Interpretation,On Demand
Interpreters Unlimited Inc,Nahuátl,Over the Phone Interpretation,Schedule in Advance
Interpreters Unlimited Inc,Nahuátl,Video Remote Interpretation,Schedule in Advance
Interpreters Unlimited Inc,Nahuátl,Video Remote Interpretation,On Demand
Interpreters Unlimited Inc,Rohingya,In-Person Interpretation (Consecutive),Schedule in Advance
Interpreters Unlimited Inc,Rohingya,Over the Phone Interpretation,On Demand
Interpreters Unlimited Inc,Rohingya,Over the Phone Interpretation,Schedule in Advance
Interpreters Unlimited Inc,Rohingya,Video Remote Interpretation,On Demand
Interpreters Unlimited Inc,Rohingya,Video Remote Interpretation,Schedule in Advance
Interpreters Unlimited Inc,Romanian,In-Person Interpretation (Consecutive),Schedule in Advance
Interpreters Unlimited Inc,Romanian,Over the Phone Interpretation,On Demand
Interpreters Unlimited Inc,Romanian,Over the Phone Interpretation,Schedule in Advance
Interpreters Unlimited Inc,Romanian,Video Remote Interpretation,On Demand
Interpreters Unlimited Inc,Romanian,Video Remote Interpretation,Schedule in Advance
Interpreters Unlimited Inc,Serbian,In-Person Interpretation (Consecutive),Schedule in Advance
Interpreters Unlimited Inc,Serbian,Over the Phone Interpretation,On Demand
Interpreters Unlimited Inc,Serbian,Over the Phone Interpretation,Schedule in Advance
Interpreters Unlimited Inc,Serbian,Video Remote Interpretation,On Demand
Interpreters Unlimited Inc,Serbian,Video Remote Interpretation,Schedule in Advance
Interpreters Unlimited Inc,Slovak,In-Person Interpretation (Consecutive),Schedule in Advance
Interpreters Unlimited Inc,Slovak,Over the Phone Interpretation,Schedule in Advance
Interpreters Unlimited Inc,Slovak,Over the Phone Interpretation,On Demand
Interpreters Unlimited Inc,Slovak,Video Remote Interpretation,On Demand
Interpreters Unlimited Inc,Slovak,Video Remote Interpretation,Schedule in Advance
Interpreters Unlimited Inc,Somali,Over the Phone Interpretation,On Demand
Interpreters Unlimited Inc,Somali,Over the Phone Interpretation,Schedule in Advance
Interpreters Unlimited Inc,Somali,Video Remote Interpretation,On Demand
Interpreters Unlimited Inc,Somali,Video Remote Interpretation,Schedule in Advance
Interpreters Unlimited Inc,Soninke,Over the Phone Interpretation,On Demand
Interpreters Unlimited Inc,Soninke,Over the Phone Interpretation,Schedule in Advance
Interpreters Unlimited Inc,Soninke,Video Remote Interpretation,Schedule in Advance
Interpreters Unlimited Inc,Soninke,Video Remote Interpretation,On Demand
Interpreters Unlimited Inc,Swahili,Over the Phone Interpretation,On Demand
Interpreters Unlimited Inc,Swahili,Over the Phone Interpretation,Schedule in Advance
Interpreters Unlimited Inc,Swahili,Video Remote Interpretation,On Demand
Interpreters Unlimited Inc,Swahili,Video Remote Interpretation,Schedule in Advance
Interpreters Unlimited Inc,Sylheti,In-Person Interpretation (Consecutive),Schedule in Advance
Interpreters Unlimited Inc,Sylheti,Over the Phone Interpretation,Schedule in Advance
Interpreters Unlimited Inc,Sylheti,Over the Phone Interpretation,On Demand
Interpreters Unlimited Inc,Sylheti,Video Remote Interpretation,On Demand
Interpreters Unlimited Inc,Sylheti,Video Remote Interpretation,Schedule in Advance
Interpreters Unlimited Inc,Tamil,In-Person Interpretation (Consecutive),Schedule in Advance
Interpreters Unlimited Inc,Tamil,Over the Phone Interpretation,Schedule in Advance
Interpreters Unlimited Inc,Tamil,Over the Phone Interpretation,On Demand
Interpreters Unlimited Inc,Tamil,Video Remote Interpretation,Schedule in Advance
Interpreters Unlimited Inc,Tamil,Video Remote Interpretation,On Demand
Interpreters Unlimited Inc,Tibetan,In-Person Interpretation (Consecutive),Schedule in Advance
Interpreters Unlimited Inc,Tibetan,Over the Phone Interpretation,On Demand
Interpreters Unlimited Inc,Tibetan,Over the Phone Interpretation,Schedule in Advance
Interpreters Unlimited Inc,Tibetan,Video Remote Interpretation,On Demand
Interpreters Unlimited Inc,Tibetan,Video Remote Interpretation,Schedule in Advance
Interpreters Unlimited Inc,Tigrigna (Tigrinya),Over the Phone Interpretation,On Demand
Interpreters Unlimited Inc,Tigrigna (Tigrinya),Over the Phone Interpretation,Schedule in Advance
Interpreters Unlimited Inc,Tigrigna (Tigrinya),Video Remote Interpretation,On Demand
Interpreters Unlimited Inc,Tigrigna (Tigrinya),Video Remote Interpretation,Schedule in Advance
Interpreters Unlimited Inc,Turkish,In-Person Interpretation (Consecutive),Schedule in Advance
Interpreters Unlimited Inc,Turkish,Over the Phone Interpretation,Schedule in Advance
Interpreters Unlimited Inc,Turkish,Over the Phone Interpretation,On Demand
Interpreters Unlimited Inc,Turkish,Video Remote Interpretation,Schedule in Advance
Interpreters Unlimited Inc,Turkish,Video Remote Interpretation,On Demand
Interpreters Unlimited Inc,Twi,Over the Phone Interpretation,On Demand
Interpreters Unlimited Inc,Twi,Over the Phone Interpretation,Schedule in Advance
Interpreters Unlimited Inc,Twi,Video Remote Interpretation,On Demand
Interpreters Unlimited Inc,Twi,Video Remote Interpretation,Schedule in Advance
Interpreters Unlimited Inc,Uzbek,Over the Phone Interpretation,On Demand
Interpreters Unlimited Inc,Uzbek,Over the Phone Interpretation,Schedule in Advance
Interpreters Unlimited Inc,Uzbek,Video Remote Interpretation,Schedule in Advance
Interpreters Unlimited Inc,Uzbek,Video Remote Interpretation,On Demand
Interpreters Unlimited Inc,Wolof,Over the Phone Interpretation,Schedule in Advance
Interpreters Unlimited Inc,Wolof,Over the Phone Interpretation,On Demand
Interpreters Unlimited Inc,Wolof,Video Remote Interpretation,Schedule in Advance
Interpreters Unlimited Inc,Wolof,Video Remote Interpretation,On Demand
La Gente Consulting (LLC),Achi (Cubulco),In-Person Interpretation (Consecutive),Schedule in Advance
La Gente Consulting (LLC),Achi (Cubulco),In-Person Interpretation (Simultaneous),Schedule in Advance
La Gente Consulting (LLC),Achi (Cubulco),Over the Phone Interpretation,On Demand
La Gente Consulting (LLC),Achi (Cubulco),Over the Phone Interpretation,Schedule in Advance
La Gente Consulting (LLC),Achi (Cubulco),Video Remote Interpretation,On Demand
La Gente Consulting (LLC),Achi (Cubulco),Video Remote Interpretation,Schedule in Advance
La Gente Consulting (LLC),Achi (Rabinal),In-Person Interpretation (Consecutive),Schedule in Advance
La Gente Consulting (LLC),Achi (Rabinal),In-Person Interpretation (Simultaneous),Schedule in Advance
La Gente Consulting (LLC),Achi (Rabinal),Over the Phone Interpretation,Schedule in Advance
La Gente Consulting (LLC),Achi (Rabinal),Over the Phone Interpretation,On Demand
La Gente Consulting (LLC),Achi (Rabinal),Video Remote Interpretation,Schedule in Advance
La Gente Consulting (LLC),Achi (Rabinal),Video Remote Interpretation,On Demand
La Gente Consulting (LLC),Afar,In-Person Interpretation (Consecutive),Schedule in Advance
La Gente Consulting (LLC),Afar,In-Person Interpretation (Simultaneous),Schedule in Advance
La Gente Consulting (LLC),Afar,Over the Phone Interpretation,Schedule in Advance
La Gente Consulting (LLC),Afar,Video Remote Interpretation,Schedule in Advance
La Gente Consulting (LLC),Akan,In-Person Interpretation (Consecutive),Schedule in Advance
La Gente Consulting (LLC),Akan,In-Person Interpretation (Simultaneous),Schedule in Advance
La Gente Consulting (LLC),Akan,Over the Phone Interpretation,Schedule in Advance
La Gente Consulting (LLC),Akan,Over the Phone Interpretation,On Demand
La Gente Consulting (LLC),Akan,Video Remote Interpretation,Schedule in Advance
La Gente Consulting (LLC),Akan,Video Remote Interpretation,On Demand
La Gente Consulting (LLC),Akateko (Akatek),In-Person Interpretation (Consecutive),Schedule in Advance
La Gente Consulting (LLC),Akateko (Akatek),In-Person Interpretation (Simultaneous),Schedule in Advance
La Gente Consulting (LLC),Akateko (Akatek),Over the Phone Interpretation,Schedule in Advance
La Gente Consulting (LLC),Akateko (Akatek),Video Remote Interpretation,Schedule in Advance
La Gente Consulting (LLC),Arabic (Egyptian),In-Person Interpretation (Consecutive),Schedule in Advance
La Gente Consulting (LLC),Arabic (Egyptian),In-Person Interpretation (Simultaneous),Schedule in Advance
La Gente Consulting (LLC),Arabic (Egyptian),Over the Phone Interpretation,Schedule in Advance
La Gente Consulting (LLC),Arabic (Egyptian),Over the Phone Interpretation,On Demand
La Gente Consulting (LLC),Arabic (Egyptian),Video Remote Interpretation,On Demand
La Gente Consulting (LLC),Arabic (Egyptian),Video Remote Interpretation,Schedule in Advance
La Gente Consulting (LLC),"Awakatek (Aguacateco, Aguateco)",In-Person Interpretation (Consecutive),Schedule in Advance
La Gente Consulting (LLC),"Awakatek (Aguacateco, Aguateco)",In-Person Interpretation (Simultaneous),Schedule in Advance
La Gente Consulting (LLC),"Awakatek (Aguacateco, Aguateco)",Over the Phone Interpretation,Schedule in Advance
La Gente Consulting (LLC),"Awakatek (Aguacateco, Aguateco)",Video Remote Interpretation,Schedule in Advance
La Gente Consulting (LLC),Bamanankan,In-Person Interpretation (Consecutive),Schedule in Advance
La Gente Consulting (LLC),Bamanankan,In-Person Interpretation (Simultaneous),Schedule in Advance
La Gente Consulting (LLC),Bamanankan,Over the Phone Interpretation,Schedule in Advance
La Gente Consulting (LLC),Bamanankan,Over the Phone Interpretation,On Demand
La Gente Consulting (LLC),Bamanankan,Video Remote Interpretation,Schedule in Advance
La Gente Consulting (LLC),Bamanankan,Video Remote Interpretation,On Demand
La Gente Consulting (LLC),Bosnian,In-Person Interpretation (Consecutive),Schedule in Advance
La Gente Consulting (LLC),Bosnian,In-Person Interpretation (Simultaneous),Schedule in Advance
La Gente Consulting (LLC),Bosnian,Over the Phone Interpretation,On Demand
La Gente Consulting (LLC),Bosnian,Over the Phone Interpretation,Schedule in Advance
La Gente Consulting (LLC),Bosnian,Video Remote Interpretation,Schedule in Advance
La Gente Consulting (LLC),Bosnian,Video Remote Interpretation,On Demand
La Gente Consulting (LLC),British Sign Language,In-Person Interpretation (Consecutive),Schedule in Advance
La Gente Consulting (LLC),British Sign Language,In-Person Interpretation (Simultaneous),Schedule in Advance
La Gente Consulting (LLC),British Sign Language,Over the Phone Interpretation,Schedule in Advance
La Gente Consulting (LLC),British Sign Language,Video Remote Interpretation,Schedule in Advance
La Gente Consulting (LLC),British Sign Language,Video Remote Interpretation,On Demand
La Gente Consulting (LLC),Cantonese (Chinese),In-Person Interpretation (Consecutive),Schedule in Advance
La Gente Consulting (LLC),Cantonese (Chinese),In-Person Interpretation (Simultaneous),Schedule in Advance
La Gente Consulting (LLC),Cantonese (Chinese),Over the Phone Interpretation,On Demand
La Gente Consulting (LLC),Cantonese (Chinese),Over the Phone Interpretation,Schedule in Advance
La Gente Consulting (LLC),Cantonese (Chinese),Video Remote Interpretation,Schedule in Advance
La Gente Consulting (LLC),Cantonese (Chinese),Video Remote Interpretation,On Demand
La Gente Consulting (LLC),Cebuano (Visayan languages),In-Person Interpretation (Consecutive),Schedule in Advance
La Gente Consulting (LLC),Cebuano (Visayan languages),In-Person Interpretation (Simultaneous),Schedule in Advance
La Gente Consulting (LLC),Cebuano (Visayan languages),Over the Phone Interpretation,Schedule in Advance
La Gente Consulting (LLC),Cebuano (Visayan languages),Video Remote Interpretation,Schedule in Advance
La Gente Consulting (LLC),Chin (Falam),In-Person Interpretation (Consecutive),Schedule in Advance
La Gente Consulting (LLC),Chin (Falam),In-Person Interpretation (Simultaneous),Schedule in Advance
La Gente Consulting (LLC),Chin (Falam),Over the Phone Interpretation,Schedule in Advance
La Gente Consulting (LLC),Chin (Falam),Video Remote Interpretation,Schedule in Advance
La Gente Consulting (LLC),Chin (Hakha),In-Person Interpretation (Consecutive),Schedule in Advance
La Gente Consulting (LLC),Chin (Hakha),In-Person Interpretation (Simultaneous),Schedule in Advance
La Gente Consulting (LLC),Chin (Hakha),Over the Phone Interpretation,Schedule in Advance
La Gente Consulting (LLC),Chin (Hakha),Video Remote Interpretation,Schedule in Advance
La Gente Consulting (LLC),Chin (Mizo),In-Person Interpretation (Consecutive),Schedule in Advance
La Gente Consulting (LLC),Chin (Mizo),In-Person Interpretation (Simultaneous),Schedule in Advance
La Gente Consulting (LLC),Chin (Mizo),Over the Phone Interpretation,Schedule in Advance
La Gente Consulting (LLC),Chin (Mizo),Video Remote Interpretation,Schedule in Advance
La Gente Consulting (LLC),Chin (Tedim),In-Person Interpretation (Consecutive),Schedule in Advance
La Gente Consulting (LLC),Chin (Tedim),In-Person Interpretation (Simultaneous),Schedule in Advance
La Gente Consulting (LLC),Chin (Tedim),Over the Phone Interpretation,Schedule in Advance
La Gente Consulting (LLC),Chin (Tedim),Video Remote Interpretation,Schedule in Advance
La Gente Consulting (LLC),Chin (Zomi),In-Person Interpretation (Consecutive),Schedule in Advance
La Gente Consulting (LLC),Chin (Zomi),In-Person Interpretation (Simultaneous),Schedule in Advance
La Gente Consulting (LLC),Chin (Zomi),Over the Phone Interpretation,Schedule in Advance
La Gente Consulting (LLC),Chin (Zomi),Video Remote Interpretation,Schedule in Advance
La Gente Consulting (LLC),Chinese (Fujianese),In-Person Interpretation (Consecutive),Schedule in Advance
La Gente Consulting (LLC),Chinese (Fujianese),In-Person Interpretation (Simultaneous),Schedule in Advance
La Gente Consulting (LLC),Chinese (Fujianese),Over the Phone Interpretation,Schedule in Advance
La Gente Consulting (LLC),Chinese (Fujianese),Video Remote Interpretation,Schedule in Advance
La Gente Consulting (LLC),Chinese (Fuzhounese),In-Person Interpretation (Consecutive),Schedule in Advance
La Gente Consulting (LLC),Chinese (Fuzhounese),In-Person Interpretation (Simultaneous),Schedule in Advance
La Gente Consulting (LLC),Chinese (Fuzhounese),Over the Phone Interpretation,Schedule in Advance
La Gente Consulting (LLC),Chinese (Fuzhounese),Video Remote Interpretation,Schedule in Advance
La Gente Consulting (LLC),Chinese (Taishanese),In-Person Interpretation (Consecutive),Schedule in Advance
La Gente Consulting (LLC),Chinese (Taishanese),In-Person Interpretation (Simultaneous),Schedule in Advance
La Gente Consulting (LLC),Chinese (Taishanese),Over the Phone Interpretation,Schedule in Advance
La Gente Consulting (LLC),Chinese (Taishanese),Video Remote Interpretation,Schedule in Advance
La Gente Consulting (LLC),Chinese (Wenzhounese),In-Person Interpretation (Consecutive),Schedule in Advance
La Gente Consulting (LLC),Chinese (Wenzhounese),In-Person Interpretation (Simultaneous),Schedule in Advance
La Gente Consulting (LLC),Chinese (Wenzhounese),Over the Phone Interpretation,Schedule in Advance
La Gente Consulting (LLC),Chinese (Wenzhounese),Video Remote Interpretation,Schedule in Advance
La Gente Consulting (LLC),Chinese Sign Language,In-Person Interpretation (Consecutive),Schedule in Advance
La Gente Consulting (LLC),Chinese Sign Language,In-Person Interpretation (Simultaneous),Schedule in Advance
La Gente Consulting (LLC),Chinese Sign Language,Over the Phone Interpretation,Schedule in Advance
La Gente Consulting (LLC),Chinese Sign Language,Video Remote Interpretation,Schedule in Advance
La Gente Consulting (LLC),Chinese Sign Language,Video Remote Interpretation,On Demand
La Gente Consulting (LLC),Ewe,In-Person Interpretation (Consecutive),Schedule in Advance
La Gente Consulting (LLC),Ewe,In-Person Interpretation (Simultaneous),Schedule in Advance
La Gente Consulting (LLC),Ewe,Over the Phone Interpretation,Schedule in Advance
La Gente Consulting (LLC),Ewe,Over the Phone Interpretation,On Demand
La Gente Consulting (LLC),Ewe,Video Remote Interpretation,On Demand
La Gente Consulting (LLC),Ewe,Video Remote Interpretation,Schedule in Advance
La Gente Consulting (LLC),Farsi (Persian),In-Person Interpretation (Consecutive),Schedule in Advance
La Gente Consulting (LLC),Farsi (Persian),In-Person Interpretation (Simultaneous),Schedule in Advance
La Gente Consulting (LLC),Farsi (Persian),Over the Phone Interpretation,Schedule in Advance
La Gente Consulting (LLC),Farsi (Persian),Over the Phone Interpretation,On Demand
La Gente Consulting (LLC),Farsi (Persian),Video Remote Interpretation,Schedule in Advance
La Gente Consulting (LLC),Farsi (Persian),Video Remote Interpretation,On Demand
La Gente Consulting (LLC),French Sign Language,In-Person Interpretation (Consecutive),Schedule in Advance
La Gente Consulting (LLC),French Sign Language,In-Person Interpretation (Simultaneous),Schedule in Advance
La Gente Consulting (LLC),French Sign Language,Over the Phone Interpretation,Schedule in Advance
La Gente Consulting (LLC),French Sign Language,Video Remote Interpretation,On Demand
La Gente Consulting (LLC),French Sign Language,Video Remote Interpretation,Schedule in Advance
La Gente Consulting (LLC),Fulani (Fula),In-Person Interpretation (Consecutive),Schedule in Advance
La Gente Consulting (LLC),Fulani (Fula),In-Person Interpretation (Simultaneous),Schedule in Advance
La Gente Consulting (LLC),Fulani (Fula),Over the Phone Interpretation,On Demand
La Gente Consulting (LLC),Fulani (Fula),Over the Phone Interpretation,Schedule in Advance
La Gente Consulting (LLC),Fulani (Fula),Video Remote Interpretation,Schedule in Advance
La Gente Consulting (LLC),Fulani (Fula),Video Remote Interpretation,On Demand
La Gente Consulting (LLC),Guinea-Bissau Creole,In-Person Interpretation (Consecutive),Schedule in Advance
La Gente Consulting (LLC),Guinea-Bissau Creole,In-Person Interpretation (Simultaneous),Schedule in Advance
La Gente Consulting (LLC),Guinea-Bissau Creole,Over the Phone Interpretation,Schedule in Advance
La Gente Consulting (LLC),Guinea-Bissau Creole,Video Remote Interpretation,Schedule in Advance
La Gente Consulting (LLC),Haitian Creole,In-Person Interpretation (Consecutive),Schedule in Advance
La Gente Consulting (LLC),Haitian Creole,In-Person Interpretation (Simultaneous),Schedule in Advance
La Gente Consulting (LLC),Haitian Creole,Over the Phone Interpretation,Schedule in Advance
La Gente Consulting (LLC),Haitian Creole,Video Remote Interpretation,Schedule in Advance
La Gente Consulting (LLC),Hmong,In-Person Interpretation (Consecutive),Schedule in Advance
La Gente Consulting (LLC),Hmong,In-Person Interpretation (Simultaneous),Schedule in Advance
La Gente Consulting (LLC),Hmong,Over the Phone Interpretation,On Demand
La Gente Consulting (LLC),Hmong,Over the Phone Interpretation,Schedule in Advance
La Gente Consulting (LLC),Hmong,Video Remote Interpretation,Schedule in Advance
La Gente Consulting (LLC),Hmong,Video Remote Interpretation,On Demand
La Gente Consulting (LLC),Hungarian,In-Person Interpretation (Consecutive),Schedule in Advance
La Gente Consulting (LLC),Hungarian,In-Person Interpretation (Simultaneous),Schedule in Advance
La Gente Consulting (LLC),Hungarian,Over the Phone Interpretation,On Demand
La Gente Consulting (LLC),Hungarian,Over the Phone Interpretation,Schedule in Advance
La Gente Consulting (LLC),Hungarian,Video Remote Interpretation,On Demand
La Gente Consulting (LLC),Hungarian,Video Remote Interpretation,Schedule in Advance
La Gente Consulting (LLC),Ilocano (Philippines),In-Person Interpretation (Consecutive),Schedule in Advance
La Gente Consulting (LLC),Ilocano (Philippines),In-Person Interpretation (Simultaneous),Schedule in Advance
La Gente Consulting (LLC),Ilocano (Philippines),Over the Phone Interpretation,Schedule in Advance
La Gente Consulting (LLC),Ilocano (Philippines),Video Remote Interpretation,Schedule in Advance
La Gente Consulting (LLC),Irish Sign Language,In-Person Interpretation (Consecutive),Schedule in Advance
La Gente Consulting (LLC),Irish Sign Language,In-Person Interpretation (Simultaneous),Schedule in Advance
La Gente Consulting (LLC),Irish Sign Language,Over the Phone Interpretation,Schedule in Advance
La Gente Consulting (LLC),Irish Sign Language,Video Remote Interpretation,Schedule in Advance
La Gente Consulting (LLC),Irish Sign Language,Video Remote Interpretation,On Demand
La Gente Consulting (LLC),Jamaican Patuá,In-Person Interpretation (Consecutive),Schedule in Advance
La Gente Consulting (LLC),Jamaican Patuá,In-Person Interpretation (Simultaneous),Schedule in Advance
La Gente Consulting (LLC),Jamaican Patuá,Over the Phone Interpretation,Schedule in Advance
La Gente Consulting (LLC),Jamaican Patuá,Over the Phone Interpretation,On Demand
La Gente Consulting (LLC),Jamaican Patuá,Video Remote Interpretation,On Demand
La Gente Consulting (LLC),Jamaican Patuá,Video Remote Interpretation,Schedule in Advance
La Gente Consulting (LLC),Japanese Sign Language,In-Person Interpretation (Consecutive),Schedule in Advance
La Gente Consulting (LLC),Japanese Sign Language,In-Person Interpretation (Simultaneous),Schedule in Advance
La Gente Consulting (LLC),Japanese Sign Language,Over the Phone Interpretation,Schedule in Advance
La Gente Consulting (LLC),Japanese Sign Language,Video Remote Interpretation,Schedule in Advance
La Gente Consulting (LLC),Japanese Sign Language,Video Remote Interpretation,On Demand
La Gente Consulting (LLC),Karen,In-Person Interpretation (Consecutive),Schedule in Advance
La Gente Consulting (LLC),Karen,In-Person Interpretation (Simultaneous),Schedule in Advance
La Gente Consulting (LLC),Karen,Over the Phone Interpretation,Schedule in Advance
La Gente Consulting (LLC),Karen,Video Remote Interpretation,Schedule in Advance
La Gente Consulting (LLC),Khmer (Cambodian),In-Person Interpretation (Consecutive),Schedule in Advance
La Gente Consulting (LLC),Khmer (Cambodian),In-Person Interpretation (Simultaneous),Schedule in Advance
La Gente Consulting (LLC),Khmer (Cambodian),Over the Phone Interpretation,Schedule in Advance
La Gente Consulting (LLC),Khmer (Cambodian),Video Remote Interpretation,Schedule in Advance
La Gente Consulting (LLC),K'iche' (Quiché Maya),In-Person Interpretation (Consecutive),Schedule in Advance
La Gente Consulting (LLC),K'iche' (Quiché Maya),In-Person Interpretation (Simultaneous),Schedule in Advance
La Gente Consulting (LLC),K'iche' (Quiché Maya),Over the Phone Interpretation,Schedule in Advance
La Gente Consulting (LLC),K'iche' (Quiché Maya),Video Remote Interpretation,Schedule in Advance
La Gente Consulting (LLC),Kirundi,In-Person Interpretation (Consecutive),Schedule in Advance
La Gente Consulting (LLC),Kirundi,In-Person Interpretation (Simultaneous),Schedule in Advance
La Gente Consulting (LLC),Kirundi,Over the Phone Interpretation,Schedule in Advance
La Gente Consulting (LLC),Kirundi,Video Remote Interpretation,Schedule in Advance
La Gente Consulting (LLC),Lao,In-Person Interpretation (Consecutive),Schedule in Advance
La Gente Consulting (LLC),Lao,In-Person Interpretation (Simultaneous),Schedule in Advance
La Gente Consulting (LLC),Lao,Over the Phone Interpretation,On Demand
La Gente Consulting (LLC),Lao,Over the Phone Interpretation,Schedule in Advance
La Gente Consulting (LLC),Lao,Video Remote Interpretation,Schedule in Advance
La Gente Consulting (LLC),Lao,Video Remote Interpretation,On Demand
La Gente Consulting (LLC),Latvian,In-Person Interpretation (Consecutive),Schedule in Advance
La Gente Consulting (LLC),Latvian,In-Person Interpretation (Simultaneous),Schedule in Advance
La Gente Consulting (LLC),Latvian,Over the Phone Interpretation,Schedule in Advance
La Gente Consulting (LLC),Latvian,Over the Phone Interpretation,On Demand
La Gente Consulting (LLC),Latvian,Video Remote Interpretation,Schedule in Advance
La Gente Consulting (LLC),Latvian,Video Remote Interpretation,On Demand
La Gente Consulting (LLC),Macanese Patuá,In-Person Interpretation (Consecutive),Schedule in Advance
La Gente Consulting (LLC),Macanese Patuá,In-Person Interpretation (Simultaneous),Schedule in Advance
La Gente Consulting (LLC),Macanese Patuá,Over the Phone Interpretation,Schedule in Advance
La Gente Consulting (LLC),Macanese Patuá,Video Remote Interpretation,Schedule in Advance
La Gente Consulting (LLC),Malayalam,In-Person Interpretation (Consecutive),Schedule in Advance
La Gente Consulting (LLC),Malayalam,In-Person Interpretation (Simultaneous),Schedule in Advance
La Gente Consulting (LLC),Malayalam,Over the Phone Interpretation,Schedule in Advance
La Gente Consulting (LLC),Malayalam,Video Remote Interpretation,Schedule in Advance
La Gente Consulting (LLC),Mam,In-Person Interpretation (Consecutive),Schedule in Advance
La Gente Consulting (LLC),Mam,In-Person Interpretation (Simultaneous),Schedule in Advance
La Gente Consulting (LLC),Mam,Over the Phone Interpretation,Schedule in Advance
La Gente Consulting (LLC),Mam,Video Remote Interpretation,Schedule in Advance
La Gente Consulting (LLC),Mandinka,In-Person Interpretation (Consecutive),Schedule in Advance
La Gente Consulting (LLC),Mandinka,In-Person Interpretation (Simultaneous),Schedule in Advance
La Gente Consulting (LLC),Mandinka,Over the Phone Interpretation,Schedule in Advance
La Gente Consulting (LLC),Mandinka,Video Remote Interpretation,Schedule in Advance
La Gente Consulting (LLC),Maninka,In-Person Interpretation (Consecutive),Schedule in Advance
La Gente Consulting (LLC),Maninka,In-Person Interpretation (Simultaneous),Schedule in Advance
La Gente Consulting (LLC),Maninka,Over the Phone Interpretation,Schedule in Advance
La Gente Consulting (LLC),Maninka,Video Remote Interpretation,Schedule in Advance
La Gente Consulting (LLC),Mixtec,In-Person Interpretation (Consecutive),Schedule in Advance
La Gente Consulting (LLC),Mixtec,In-Person Interpretation (Simultaneous),Schedule in Advance
La Gente Consulting (LLC),Mixtec,Over the Phone Interpretation,Schedule in Advance
La Gente Consulting (LLC),Mixtec,Video Remote Interpretation,Schedule in Advance
La Gente Consulting (LLC),Nahuátl,In-Person Interpretation (Consecutive),Schedule in Advance
La Gente Consulting (LLC),Nahuátl,In-Person Interpretation (Consecutive),Schedule in Advance
La Gente Consulting (LLC),Nahuátl,In-Person Interpretation (Simultaneous),Schedule in Advance
La Gente Consulting (LLC),Nahuátl,In-Person Interpretation (Simultaneous),Schedule in Advance
La Gente Consulting (LLC),Nahuátl,Over the Phone Interpretation,On Demand
La Gente Consulting (LLC),Nahuátl,Over the Phone Interpretation,Schedule in Advance
La Gente Consulting (LLC),Nahuátl,Over the Phone Interpretation,Schedule in Advance
La Gente Consulting (LLC),Nahuátl,Video Remote Interpretation,Schedule in Advance
La Gente Consulting (LLC),Nahuátl,Video Remote Interpretation,On Demand
La Gente Consulting (LLC),Nahuátl,Video Remote Interpretation,Schedule in Advance
La Gente Consulting (LLC),Navajo (Diné),In-Person Interpretation (Consecutive),Schedule in Advance
La Gente Consulting (LLC),Navajo (Diné),In-Person Interpretation (Simultaneous),Schedule in Advance
La Gente Consulting (LLC),Navajo (Diné),Over the Phone Interpretation,Schedule in Advance
La Gente Consulting (LLC),Navajo (Diné),Video Remote Interpretation,Schedule in Advance
La Gente Consulting (LLC),Q’anjob’al,In-Person Interpretation (Consecutive),Schedule in Advance
La Gente Consulting (LLC),Q’anjob’al,In-Person Interpretation (Simultaneous),Schedule in Advance
La Gente Consulting (LLC),Q’anjob’al,Over the Phone Interpretation,Schedule in Advance
La Gente Consulting (LLC),Q’anjob’al,Video Remote Interpretation,Schedule in Advance
La Gente Consulting (LLC),Rohingya,In-Person Interpretation (Consecutive),Schedule in Advance
La Gente Consulting (LLC),Rohingya,In-Person Interpretation (Simultaneous),Schedule in Advance
La Gente Consulting (LLC),Rohingya,Over the Phone Interpretation,On Demand
La Gente Consulting (LLC),Rohingya,Over the Phone Interpretation,Schedule in Advance
La Gente Consulting (LLC),Rohingya,Video Remote Interpretation,Schedule in Advance
La Gente Consulting (LLC),Rohingya,Video Remote Interpretation,On Demand
La Gente Consulting (LLC),Romani (Roma dialects),In-Person Interpretation (Consecutive),Schedule in Advance
La Gente Consulting (LLC),Romani (Roma dialects),In-Person Interpretation (Simultaneous),Schedule in Advance
La Gente Consulting (LLC),Romani (Roma dialects),Over the Phone Interpretation,Schedule in Advance
La Gente Consulting (LLC),Romani (Roma dialects),Video Remote Interpretation,Schedule in Advance
La Gente Consulting (LLC),Romanian,In-Person Interpretation (Consecutive),Schedule in Advance
La Gente Consulting (LLC),Romanian,In-Person Interpretation (Simultaneous),Schedule in Advance
La Gente Consulting (LLC),Romanian,Over the Phone Interpretation,On Demand
La Gente Consulting (LLC),Romanian,Over the Phone Interpretation,Schedule in Advance
La Gente Consulting (LLC),Romanian,Video Remote Interpretation,On Demand
La Gente Consulting (LLC),Romanian,Video Remote Interpretation,Schedule in Advance
La Gente Consulting (LLC),Serbian,In-Person Interpretation (Consecutive),Schedule in Advance
La Gente Consulting (LLC),Serbian,In-Person Interpretation (Simultaneous),Schedule in Advance
La Gente Consulting (LLC),Serbian,Over the Phone Interpretation,Schedule in Advance
La Gente Consulting (LLC),Serbian,Over the Phone Interpretation,On Demand
La Gente Consulting (LLC),Serbian,Video Remote Interpretation,Schedule in Advance
La Gente Consulting (LLC),Serbian,Video Remote Interpretation,On Demand
La Gente Consulting (LLC),Slovak,In-Person Interpretation (Consecutive),Schedule in Advance
La Gente Consulting (LLC),Slovak,In-Person Interpretation (Simultaneous),Schedule in Advance
La Gente Consulting (LLC),Slovak,Over the Phone Interpretation,Schedule in Advance
La Gente Consulting (LLC),Slovak,Video Remote Interpretation,Schedule in Advance
La Gente Consulting (LLC),Somali,In-Person Interpretation (Consecutive),Schedule in Advance
La Gente Consulting (LLC),Somali,In-Person Interpretation (Simultaneous),Schedule in Advance
La Gente Consulting (LLC),Somali,Over the Phone Interpretation,On Demand
La Gente Consulting (LLC),Somali,Over the Phone Interpretation,Schedule in Advance
La Gente Consulting (LLC),Somali,Video Remote Interpretation,On Demand
La Gente Consulting (LLC),Somali,Video Remote Interpretation,Schedule in Advance
La Gente Consulting (LLC),Soninke,In-Person Interpretation (Consecutive),Schedule in Advance
La Gente Consulting (LLC),Soninke,In-Person Interpretation (Simultaneous),Schedule in Advance
La Gente Consulting (LLC),Soninke,Over the Phone Interpretation,Schedule in Advance
La Gente Consulting (LLC),Soninke,Video Remote Interpretation,Schedule in Advance
La Gente Consulting (LLC),Swahili,In-Person Interpretation (Consecutive),Schedule in Advance
La Gente Consulting (LLC),Swahili,In-Person Interpretation (Simultaneous),Schedule in Advance
La Gente Consulting (LLC),Swahili,Over the Phone Interpretation,Schedule in Advance
La Gente Consulting (LLC),Swahili,Over the Phone Interpretation,On Demand
La Gente Consulting (LLC),Swahili,Video Remote Interpretation,Schedule in Advance
La Gente Consulting (LLC),Swahili,Video Remote Interpretation,On Demand
La Gente Consulting (LLC),Sylheti,In-Person Interpretation (Consecutive),Schedule in Advance
La Gente Consulting (LLC),Sylheti,In-Person Interpretation (Consecutive),Schedule in Advance
La Gente Consulting (LLC),Sylheti,In-Person Interpretation (Simultaneous),Schedule in Advance
La Gente Consulting (LLC),Sylheti,In-Person Interpretation (Simultaneous),Schedule in Advance
La Gente Consulting (LLC),Sylheti,Over the Phone Interpretation,Schedule in Advance
La Gente Consulting (LLC),Sylheti,Over the Phone Interpretation,Schedule in Advance
La Gente Consulting (LLC),Sylheti,Video Remote Interpretation,Schedule in Advance
La Gente Consulting (LLC),Sylheti,Video Remote Interpretation,Schedule in Advance
La Gente Consulting (LLC),Tamil,In-Person Interpretation (Consecutive),Schedule in Advance
La Gente Consulting (LLC),Tamil,In-Person Interpretation (Simultaneous),Schedule in Advance
La Gente Consulting (LLC),Tamil,Over the Phone Interpretation,Schedule in Advance
La Gente Consulting (LLC),Tamil,Over the Phone Interpretation,On Demand
La Gente Consulting (LLC),Tamil,Video Remote Interpretation,On Demand
La Gente Consulting (LLC),Tamil,Video Remote Interpretation,Schedule in Advance
La Gente Consulting (LLC),Tibetan,In-Person Interpretation (Consecutive),Schedule in Advance
La Gente Consulting (LLC),Tibetan,In-Person Interpretation (Consecutive),Schedule in Advance
La Gente Consulting (LLC),Tibetan,In-Person Interpretation (Simultaneous),Schedule in Advance
La Gente Consulting (LLC),Tibetan,In-Person Interpretation (Simultaneous),Schedule in Advance
La Gente Consulting (LLC),Tibetan,Over the Phone Interpretation,Schedule in Advance
La Gente Consulting (LLC),Tibetan,Over the Phone Interpretation,Schedule in Advance
La Gente Consulting (LLC),Tibetan,Video Remote Interpretation,Schedule in Advance
La Gente Consulting (LLC),Tibetan,Video Remote Interpretation,Schedule in Advance
La Gente Consulting (LLC),Tigrigna (Tigrinya),In-Person Interpretation (Consecutive),Schedule in Advance
La Gente Consulting (LLC),Tigrigna (Tigrinya),In-Person Interpretation (Simultaneous),Schedule in Advance
La Gente Consulting (LLC),Tigrigna (Tigrinya),Over the Phone Interpretation,On Demand
La Gente Consulting (LLC),Tigrigna (Tigrinya),Over the Phone Interpretation,Schedule in Advance
La Gente Consulting (LLC),Tigrigna (Tigrinya),Video Remote Interpretation,Schedule in Advance
La Gente Consulting (LLC),Tigrigna (Tigrinya),Video Remote Interpretation,On Demand
La Gente Consulting (LLC),Turkish,In-Person Interpretation (Consecutive),Schedule in Advance
La Gente Consulting (LLC),Turkish,In-Person Interpretation (Simultaneous),Schedule in Advance
La Gente Consulting (LLC),Turkish,Over the Phone Interpretation,Schedule in Advance
La Gente Consulting (LLC),Turkish,Over the Phone Interpretation,On Demand
La Gente Consulting (LLC),Turkish,Video Remote Interpretation,Schedule in Advance
La Gente Consulting (LLC),Turkish,Video Remote Interpretation,On Demand
La Gente Consulting (LLC),Twi,In-Person Interpretation (Consecutive),Schedule in Advance
La Gente Consulting (LLC),Twi,In-Person Interpretation (Simultaneous),Schedule in Advance
La Gente Consulting (LLC),Twi,Over the Phone Interpretation,On Demand
La Gente Consulting (LLC),Twi,Over the Phone Interpretation,Schedule in Advance
La Gente Consulting (LLC),Twi,Video Remote Interpretation,Schedule in Advance
La Gente Consulting (LLC),Twi,Video Remote Interpretation,On Demand
La Gente Consulting (LLC),Uzbek,In-Person Interpretation (Consecutive),Schedule in Advance
La Gente Consulting (LLC),Uzbek,In-Person Interpretation (Simultaneous),Schedule in Advance
La Gente Consulting (LLC),Uzbek,Over the Phone Interpretation,Schedule in Advance
La Gente Consulting (LLC),Uzbek,Video Remote Interpretation,Schedule in Advance
La Gente Consulting (LLC),Wolof,In-Person Interpretation (Consecutive),Schedule in Advance
La Gente Consulting (LLC),Wolof,In-Person Interpretation (Simultaneous),Schedule in Advance
La Gente Consulting (LLC),Wolof,Over the Phone Interpretation,Schedule in Advance
La Gente Consulting (LLC),Wolof,Over the Phone Interpretation,On Demand
La Gente Consulting (LLC),Wolof,Video Remote Interpretation,Schedule in Advance
La Gente Consulting (LLC),Wolof,Video Remote Interpretation,On Demand
La Gente Consulting (LLC),Zapotec,In-Person Interpretation (Consecutive),Schedule in Advance
La Gente Consulting (LLC),Zapotec,In-Person Interpretation (Simultaneous),Schedule in Advance
La Gente Consulting (LLC),Zapotec,Over the Phone Interpretation,Schedule in Advance
La Gente Consulting (LLC),Zapotec,Video Remote Interpretation,Schedule in Advance
Language Bank Inc,Akan,Over the Phone Interpretation,Schedule in Advance
Language Bank Inc,Akan,Over the Phone Interpretation,On Demand
Language Bank Inc,Akan,Video Remote Interpretation,Schedule in Advance
Language Bank Inc,Akan,Video Remote Interpretation,On Demand
Language Bank Inc,Arabic (Egyptian),In-Person Interpretation (Consecutive),Schedule in Advance
Language Bank Inc,Arabic (Egyptian),In-Person Interpretation (Simultaneous),Schedule in Advance
Language Bank Inc,Arabic (Egyptian),Over the Phone Interpretation,Schedule in Advance
Language Bank Inc,Arabic (Egyptian),Over the Phone Interpretation,On Demand
Language Bank Inc,Arabic (Egyptian),Video Remote Interpretation,Schedule in Advance
Language Bank Inc,Arabic (Egyptian),Video Remote Interpretation,On Demand
Language Bank Inc,Babanki,Over the Phone Interpretation,Schedule in Advance
Language Bank Inc,Babanki,Video Remote Interpretation,Schedule in Advance
Language Bank Inc,Bamanankan,Over the Phone Interpretation,Schedule in Advance
Language Bank Inc,Bamanankan,Video Remote Interpretation,Schedule in Advance
Language Bank Inc,Bete,Over the Phone Interpretation,Schedule in Advance
Language Bank Inc,Bete,Video Remote Interpretation,Schedule in Advance
Language Bank Inc,Bilen,Over the Phone Interpretation,Schedule in Advance
Language Bank Inc,Bilen,Video Remote Interpretation,Schedule in Advance
Language Bank Inc,Bosnian,In-Person Interpretation (Consecutive),Schedule in Advance
Language Bank Inc,Bosnian,In-Person Interpretation (Simultaneous),Schedule in Advance
Language Bank Inc,Bosnian,Over the Phone Interpretation,On Demand
Language Bank Inc,Bosnian,Over the Phone Interpretation,Schedule in Advance
Language Bank Inc,Bosnian,Video Remote Interpretation,On Demand
Language Bank Inc,Bosnian,Video Remote Interpretation,Schedule in Advance
Language Bank Inc,British Sign Language,Video Remote Interpretation,Schedule in Advance
Language Bank Inc,Cantonese (Chinese),In-Person Interpretation (Consecutive),Schedule in Advance
Language Bank Inc,Cantonese (Chinese),In-Person Interpretation (Simultaneous),Schedule in Advance
Language Bank Inc,Cantonese (Chinese),Over the Phone Interpretation,Schedule in Advance
Language Bank Inc,Cantonese (Chinese),Over the Phone Interpretation,On Demand
Language Bank Inc,Cantonese (Chinese),Video Remote Interpretation,Schedule in Advance
Language Bank Inc,Cantonese (Chinese),Video Remote Interpretation,On Demand
Language Bank Inc,Cape Verdean,Over the Phone Interpretation,Schedule in Advance
Language Bank Inc,Cape Verdean,Video Remote Interpretation,Schedule in Advance
Language Bank Inc,Caqchikel,Over the Phone Interpretation,Schedule in Advance
Language Bank Inc,Caqchikel,Video Remote Interpretation,Schedule in Advance
Language Bank Inc,Carolinian,Over the Phone Interpretation,Schedule in Advance
Language Bank Inc,Carolinian,Video Remote Interpretation,Schedule in Advance
Language Bank Inc,Cebuano,Over the Phone Interpretation,Schedule in Advance
Language Bank Inc,Cebuano,Video Remote Interpretation,Schedule in Advance
Language Bank Inc,Central Atlas Tamazight,Over the Phone Interpretation,Schedule in Advance
Language Bank Inc,Central Atlas Tamazight,Video Remote Interpretation,Schedule in Advance
Language Bank Inc,Ch’ol,Over the Phone Interpretation,Schedule in Advance
Language Bank Inc,Ch’ol,Video Remote Interpretation,Schedule in Advance
Language Bank Inc,Ch’orti’,Over the Phone Interpretation,Schedule in Advance
Language Bank Inc,Ch’orti’,Video Remote Interpretation,Schedule in Advance
Language Bank Inc,Chalchiteko,Over the Phone Interpretation,Schedule in Advance
Language Bank Inc,Chalchiteko,Video Remote Interpretation,Schedule in Advance
Language Bank Inc,Chechen,Over the Phone Interpretation,Schedule in Advance
Language Bank Inc,Chechen,Video Remote Interpretation,Schedule in Advance
Language Bank Inc,Chewa,Over the Phone Interpretation,Schedule in Advance
Language Bank Inc,Chewa,Video Remote Interpretation,Schedule in Advance
Language Bank Inc,Chinese (Fujianese),In-Person Interpretation (Consecutive),Schedule in Advance
Language Bank Inc,Chinese (Fujianese),Over the Phone Interpretation,Schedule in Advance
Language Bank Inc,Chinese (Fujianese),Video Remote Interpretation,Schedule in Advance
Language Bank Inc,Chinese (Fuzhounese),In-Person Interpretation (Consecutive),Schedule in Advance
Language Bank Inc,Chinese (Fuzhounese),Over the Phone Interpretation,Schedule in Advance
Language Bank Inc,Chinese (Fuzhounese),Video Remote Interpretation,Schedule in Advance
Language Bank Inc,Chinese (Taishanese),Over the Phone Interpretation,Schedule in Advance
Language Bank Inc,Chinese (Taishanese),Video Remote Interpretation,Schedule in Advance
Language Bank Inc,Chinese (Wenzhounese),In-Person Interpretation (Consecutive),Schedule in Advance
Language Bank Inc,Chinese (Wenzhounese),Over the Phone Interpretation,Schedule in Advance
Language Bank Inc,Chinese (Wenzhounese),Video Remote Interpretation,Schedule in Advance
Language Bank Inc,Chuukese,Over the Phone Interpretation,Schedule in Advance
Language Bank Inc,Chuukese,Video Remote Interpretation,Schedule in Advance
Language Bank Inc,Dazaga,Over the Phone Interpretation,Schedule in Advance
Language Bank Inc,Dazaga,Video Remote Interpretation,Schedule in Advance
Language Bank Inc,Dendi,Over the Phone Interpretation,Schedule in Advance
Language Bank Inc,Dendi,Video Remote Interpretation,Schedule in Advance
Language Bank Inc,Dioula (Dyula),Over the Phone Interpretation,Schedule in Advance
Language Bank Inc,Dioula (Dyula),Video Remote Interpretation,Schedule in Advance
Language Bank Inc,Doteli,Video Remote Interpretation,Schedule in Advance
Language Bank Inc,Dzongkha,Over the Phone Interpretation,Schedule in Advance
Language Bank Inc,Dzongkha,Video Remote Interpretation,Schedule in Advance
Language Bank Inc,Ewe,Over the Phone Interpretation,Schedule in Advance
Language Bank Inc,Ewe,Video Remote Interpretation,Schedule in Advance
Language Bank Inc,Farsi (Persian),In-Person Interpretation (Consecutive),Schedule in Advance
Language Bank Inc,Farsi (Persian),In-Person Interpretation (Simultaneous),Schedule in Advance
Language Bank Inc,Farsi (Persian),Over the Phone Interpretation,On Demand
Language Bank Inc,Farsi (Persian),Over the Phone Interpretation,Schedule in Advance
Language Bank Inc,Farsi (Persian),Video Remote Interpretation,On Demand
Language Bank Inc,Farsi (Persian),Video Remote Interpretation,Schedule in Advance
Language Bank Inc,French Sign Language,Video Remote Interpretation,Schedule in Advance
Language Bank Inc,Fulani (Fula),Over the Phone Interpretation,Schedule in Advance
Language Bank Inc,Fulani (Fula),Video Remote Interpretation,Schedule in Advance
Language Bank Inc,Guinea-Bissau Creole,Over the Phone Interpretation,Schedule in Advance
Language Bank Inc,Guinea-Bissau Creole,Video Remote Interpretation,Schedule in Advance
Language Bank Inc,Hungarian,In-Person Interpretation (Consecutive),Schedule in Advance
Language Bank Inc,Hungarian,In-Person Interpretation (Simultaneous),Schedule in Advance
Language Bank Inc,Hungarian,Over the Phone Interpretation,Schedule in Advance
Language Bank Inc,Hungarian,Over the Phone Interpretation,On Demand
Language Bank Inc,Hungarian,Video Remote Interpretation,Schedule in Advance
Language Bank Inc,Hungarian,Video Remote Interpretation,On Demand
Language Bank Inc,Jamaican Patuá,In-Person Interpretation (Consecutive),Schedule in Advance
Language Bank Inc,Jamaican Patuá,Over the Phone Interpretation,Schedule in Advance
Language Bank Inc,Jamaican Patuá,Video Remote Interpretation,Schedule in Advance
Language Bank Inc,Karen,In-Person Interpretation (Consecutive),Schedule in Advance
Language Bank Inc,Karen,In-Person Interpretation (Simultaneous),Schedule in Advance
Language Bank Inc,Karen,Over the Phone Interpretation,Schedule in Advance
Language Bank Inc,Karen,Video Remote Interpretation,Schedule in Advance
Language Bank Inc,Kirundi,Over the Phone Interpretation,Schedule in Advance
Language Bank Inc,Kirundi,Video Remote Interpretation,Schedule in Advance
Language Bank Inc,Lao,Over the Phone Interpretation,On Demand
Language Bank Inc,Lao,Over the Phone Interpretation,Schedule in Advance
Language Bank Inc,Lao,Video Remote Interpretation,On Demand
Language Bank Inc,Lao,Video Remote Interpretation,Schedule in Advance
Language Bank Inc,Latvian,Over the Phone Interpretation,Schedule in Advance
Language Bank Inc,Latvian,Video Remote Interpretation,Schedule in Advance
Language Bank Inc,Malayalam,Over the Phone Interpretation,Schedule in Advance
Language Bank Inc,Malayalam,Video Remote Interpretation,Schedule in Advance
Language Bank Inc,Mandinka,Over the Phone Interpretation,On Demand
Language Bank Inc,Mandinka,Over the Phone Interpretation,Schedule in Advance
Language Bank Inc,Mandinka,Video Remote Interpretation,On Demand
Language Bank Inc,Mandinka,Video Remote Interpretation,Schedule in Advance
Language Bank Inc,Maninka,Over the Phone Interpretation,Schedule in Advance
Language Bank Inc,Maninka,Video Remote Interpretation,Schedule in Advance
Language Bank Inc,Nahuátl,Over the Phone Interpretation,Schedule in Advance
Language Bank Inc,Nahuátl,Video Remote Interpretation,Schedule in Advance
Language Bank Inc,Romanian,In-Person Interpretation (Consecutive),Schedule in Advance
Language Bank Inc,Romanian,In-Person Interpretation (Simultaneous),Schedule in Advance
Language Bank Inc,Romanian,Over the Phone Interpretation,Schedule in Advance
Language Bank Inc,Romanian,Over the Phone Interpretation,On Demand
Language Bank Inc,Romanian,Video Remote Interpretation,On Demand
Language Bank Inc,Serbian,In-Person Interpretation (Consecutive),Schedule in Advance
Language Bank Inc,Serbian,In-Person Interpretation (Simultaneous),Schedule in Advance
Language Bank Inc,Serbian,Over the Phone Interpretation,On Demand
Language Bank Inc,Serbian,Over the Phone Interpretation,Schedule in Advance
Language Bank Inc,Serbian,Video Remote Interpretation,On Demand
Language Bank Inc,Serbian,Video Remote Interpretation,Schedule in Advance
Language Bank Inc,Shuwa,Over the Phone Interpretation,Schedule in Advance
Language Bank Inc,Shuwa,Video Remote Interpretation,Schedule in Advance
Language Bank Inc,Slovak,In-Person Interpretation (Consecutive),Schedule in Advance
Language Bank Inc,Slovak,In-Person Interpretation (Simultaneous),Schedule in Advance
Language Bank Inc,Slovak,Over the Phone Interpretation,Schedule in Advance
Language Bank Inc,Slovak,Video Remote Interpretation,Schedule in Advance
Language Bank Inc,Somali,In-Person Interpretation (Consecutive),Schedule in Advance
Language Bank Inc,Somali,Over the Phone Interpretation,Schedule in Advance
Language Bank Inc,Somali,Over the Phone Interpretation,On Demand
Language Bank Inc,Somali,Video Remote Interpretation,Schedule in Advance
Language Bank Inc,Somali,Video Remote Interpretation,On Demand
Language Bank Inc,Soninke,Over the Phone Interpretation,Schedule in Advance
Language Bank Inc,Soninke,Video Remote Interpretation,Schedule in Advance
Language Bank Inc,Swahili,Over the Phone Interpretation,On Demand
Language Bank Inc,Swahili,Over the Phone Interpretation,Schedule in Advance
Language Bank Inc,Swahili,Video Remote Interpretation,Schedule in Advance
Language Bank Inc,Swahili,Video Remote Interpretation,On Demand
Language Bank Inc,Sylheti,Over the Phone Interpretation,Schedule in Advance
Language Bank Inc,Sylheti,Video Remote Interpretation,Schedule in Advance
Language Bank Inc,Tamil,Over the Phone Interpretation,Schedule in Advance
Language Bank Inc,Tamil,Video Remote Interpretation,Schedule in Advance
Language Bank Inc,Tibetan,In-Person Interpretation (Consecutive),Schedule in Advance
Language Bank Inc,Tibetan,Over the Phone Interpretation,Schedule in Advance
Language Bank Inc,Tibetan,Video Remote Interpretation,Schedule in Advance
Language Bank Inc,Tigrigna (Tigrinya),In-Person Interpretation (Consecutive),Schedule in Advance
Language Bank Inc,Tigrigna (Tigrinya),Over the Phone Interpretation,Schedule in Advance
Language Bank Inc,Tigrigna (Tigrinya),Over the Phone Interpretation,On Demand
Language Bank Inc,Tigrigna (Tigrinya),Video Remote Interpretation,On Demand
Language Bank Inc,Tigrigna (Tigrinya),Video Remote Interpretation,Schedule in Advance
Language Bank Inc,Turkish,In-Person Interpretation (Consecutive),Schedule in Advance
Language Bank Inc,Turkish,In-Person Interpretation (Simultaneous),Schedule in Advance
Language Bank Inc,Turkish,Over the Phone Interpretation,On Demand
Language Bank Inc,Turkish,Over the Phone Interpretation,Schedule in Advance
Language Bank Inc,Turkish,Video Remote Interpretation,On Demand
Language Bank Inc,Turkish,Video Remote Interpretation,Schedule in Advance
Language Bank Inc,Twi,Over the Phone Interpretation,Schedule in Advance
Language Bank Inc,Twi,Video Remote Interpretation,Schedule in Advance
Language Bank Inc,Uzbek,Over the Phone Interpretation,Schedule in Advance
Language Bank Inc,Uzbek,Video Remote Interpretation,Schedule in Advance
Language Bank Inc,Wolof,In-Person Interpretation (Simultaneous),Schedule in Advance
Language Bank Inc,Wolof,Over the Phone Interpretation,On Demand
Language Bank Inc,Wolof,Over the Phone Interpretation,Schedule in Advance
Language Bank Inc,Wolof,Video Remote Interpretation,Schedule in Advance
Language Bank Inc,Wolof,Video Remote Interpretation,On Demand
Language Phone,Acholi,Over the Phone Interpretation,Did Not Specify
Language Phone,Acholi,Over the Phone Interpretation,Did Not Specify
Language Phone,Ackeim,Over the Phone Interpretation,Did Not Specify
Language Phone,Ackeim,Over the Phone Interpretation,Did Not Specify
Language Phone,Afar,Over the Phone Interpretation,On Demand
Language Phone,Afar,Over the Phone Interpretation,Schedule in Advance
Language Phone,Akan,Over the Phone Interpretation,Schedule in Advance
Language Phone,Akan,Over the Phone Interpretation,Did Not Specify
Language Phone,Akan,Over the Phone Interpretation,On Demand
Language Phone,Akan,Over the Phone Interpretation,Did Not Specify
Language Phone,Albanian,Over the Phone Interpretation,Did Not Specify
Language Phone,Amharic,Over the Phone Interpretation,Did Not Specify
Language Phone,Anaang,Over the Phone Interpretation,Did Not Specify
Language Phone,Anaang,Over the Phone Interpretation,Did Not Specify
Language Phone,Anuak,Over the Phone Interpretation,Did Not Specify
Language Phone,Anuak,Over the Phone Interpretation,Did Not Specify
Language Phone,Arabic,Over the Phone Interpretation,Did Not Specify
Language Phone,Arabic (Egyptian),Over the Phone Interpretation,Schedule in Advance
Language Phone,Arabic (Egyptian),Over the Phone Interpretation,On Demand
Language Phone,Arabic (Hassaniya),Over the Phone Interpretation,Did Not Specify
Language Phone,Arabic (Hassaniya),Over the Phone Interpretation,Did Not Specify
Language Phone,Arabic (Moroccan),Over the Phone Interpretation,Did Not Specify
Language Phone,Arabic (Moroccan),Over the Phone Interpretation,Did Not Specify
Language Phone,Arabic (Sudanese),Over the Phone Interpretation,Did Not Specify
Language Phone,Arabic (Sudanese),Over the Phone Interpretation,Did Not Specify
Language Phone,Armenian,Over the Phone Interpretation,Did Not Specify
Language Phone,Armenian,Over the Phone Interpretation,Did Not Specify
Language Phone,Asante (Ashanti),Over the Phone Interpretation,Did Not Specify
Language Phone,Asante (Ashanti),Over the Phone Interpretation,Did Not Specify
Language Phone,Assyrian,Over the Phone Interpretation,Did Not Specify
Language Phone,Assyrian,Over the Phone Interpretation,Did Not Specify
Language Phone,Azerbaijani,Over the Phone Interpretation,Did Not Specify
Language Phone,Azerbaijani,Over the Phone Interpretation,Did Not Specify
Language Phone,Azeri,Over the Phone Interpretation,Did Not Specify
Language Phone,Azeri,Over the Phone Interpretation,Did Not Specify
Language Phone,Bahasa (Malaysia),Over the Phone Interpretation,Did Not Specify
Language Phone,Bahasa (Malaysia),Over the Phone Interpretation,Did Not Specify
Language Phone,Bajuni,Over the Phone Interpretation,Did Not Specify
Language Phone,Bajuni,Over the Phone Interpretation,Did Not Specify
Language Phone,Bamanankan,Over the Phone Interpretation,On Demand
Language Phone,Bamanankan,Over the Phone Interpretation,Schedule in Advance
Language Phone,Bambara,Over the Phone Interpretation,Did Not Specify
Language Phone,Bambara,Over the Phone Interpretation,Did Not Specify
Language Phone,Bangla,Over the Phone Interpretation,Did Not Specify
Language Phone,Basque,Over the Phone Interpretation,Did Not Specify
Language Phone,Basque,Over the Phone Interpretation,Did Not Specify
Language Phone,Behdini,Over the Phone Interpretation,Did Not Specify
Language Phone,Behdini,Over the Phone Interpretation,Did Not Specify
Language Phone,Belorussian,Over the Phone Interpretation,Did Not Specify
Language Phone,Belorussian,Over the Phone Interpretation,Did Not Specify
Language Phone,Berber,Over the Phone Interpretation,Did Not Specify
Language Phone,Berber,Over the Phone Interpretation,Did Not Specify
Language Phone,Bosnian,Over the Phone Interpretation,Schedule in Advance
Language Phone,Bosnian,Over the Phone Interpretation,On Demand
Language Phone,Bosnian,Over the Phone Interpretation,Did Not Specify
Language Phone,Bosnian,Over the Phone Interpretation,Did Not Specify
Language Phone,Bulgarian,Over the Phone Interpretation,Did Not Specify
Language Phone,Bulgarian,Over the Phone Interpretation,Did Not Specify
Language Phone,Burmese,Over the Phone Interpretation,Did Not Specify
Language Phone,Burmese,Over the Phone Interpretation,Did Not Specify
Language Phone,Cakchiquel,Over the Phone Interpretation,Did Not Specify
Language Phone,Cakchiquel,Over the Phone Interpretation,Did Not Specify
Language Phone,Cambodian,Over the Phone Interpretation,Did Not Specify
Language Phone,Cambodian,Over the Phone Interpretation,Did Not Specify
Language Phone,Cantonese (Chinese),Over the Phone Interpretation,Schedule in Advance
Language Phone,Cantonese (Chinese),Over the Phone Interpretation,On Demand
Language Phone,Cantonese (Chinese),Over the Phone Interpretation,Did Not Specify
Language Phone,Catalan,Over the Phone Interpretation,Did Not Specify
Language Phone,Catalan,Over the Phone Interpretation,Did Not Specify
Language Phone,Chaldean,Over the Phone Interpretation,Did Not Specify
Language Phone,Chaldean,Over the Phone Interpretation,Did Not Specify
Language Phone,Chamorro,Over the Phone Interpretation,Did Not Specify
Language Phone,Chamorro,Over the Phone Interpretation,Did Not Specify
Language Phone,Chavacano,Over the Phone Interpretation,Did Not Specify
Language Phone,Chavacano,Over the Phone Interpretation,Did Not Specify
Language Phone,Cherokee,Over the Phone Interpretation,Did Not Specify
Language Phone,Cherokee,Over the Phone Interpretation,Did Not Specify
Language Phone,Chinese (Fujianese),Over the Phone Interpretation,On Demand
Language Phone,Chinese (Fujianese),Over the Phone Interpretation,Schedule in Advance
Language Phone,Chinese (Fukienese),Over the Phone Interpretation,Did Not Specify
Language Phone,Chinese (Fukienese),Over the Phone Interpretation,Did Not Specify
Language Phone,Chinese (Fuzhou),Over the Phone Interpretation,Did Not Specify
Language Phone,Chinese (Fuzhou),Over the Phone Interpretation,Did Not Specify
Language Phone,Chinese (Fuzhounese),Over the Phone Interpretation,Schedule in Advance
Language Phone,Chinese (Fuzhounese),Over the Phone Interpretation,On Demand
Language Phone,Chinese (Hakka),Over the Phone Interpretation,Did Not Specify
Language Phone,Chinese (Hakka),Over the Phone Interpretation,Did Not Specify
Language Phone,Chinese (Hakka),Over the Phone Interpretation,Did Not Specify
Language Phone,Chinese (Hakka),Over the Phone Interpretation,Did Not Specify
Language Phone,Chinese (Hokkien),Over the Phone Interpretation,Did Not Specify
Language Phone,Chinese (Hokkien),Over the Phone Interpretation,Did Not Specify
Language Phone,Chinese (Shanghainese),Over the Phone Interpretation,Did Not Specify
Language Phone,Chinese (Shanghainese),Over the Phone Interpretation,Did Not Specify
Language Phone,Chinese (Taishanese),Over the Phone Interpretation,On Demand
Language Phone,Chinese (Taishanese),Over the Phone Interpretation,Schedule in Advance
Language Phone,Chinese (Taishanese),Over the Phone Interpretation,Did Not Specify
Language Phone,Chinese (Taishanese),Over the Phone Interpretation,Did Not Specify
Language Phone,Chinese (Wenzhounese),Over the Phone Interpretation,Did Not Specify
Language Phone,Chinese (Wenzhounese),Over the Phone Interpretation,On Demand
Language Phone,Chinese (Wenzhounese),Over the Phone Interpretation,Schedule in Advance
Language Phone,Chiu Chow,Over the Phone Interpretation,Did Not Specify
Language Phone,Chuukese,Over the Phone Interpretation,Did Not Specify
Language Phone,Chuukese,Over the Phone Interpretation,Did Not Specify
Language Phone,Cree,Over the Phone Interpretation,Did Not Specify
Language Phone,Cree,Over the Phone Interpretation,Did Not Specify
Language Phone,Creole,Over the Phone Interpretation,Did Not Specify
Language Phone,Creole,Over the Phone Interpretation,Did Not Specify
Language Phone,Croatian,Over the Phone Interpretation,Did Not Specify
Language Phone,Croatian,Over the Phone Interpretation,Did Not Specify
Language Phone,Czech,Over the Phone Interpretation,Did Not Specify
Language Phone,Czech,Over the Phone Interpretation,Did Not Specify
Language Phone,Dakota,Over the Phone Interpretation,Did Not Specify
Language Phone,Dakota,Over the Phone Interpretation,Did Not Specify
Language Phone,Danish,Over the Phone Interpretation,Did Not Specify
Language Phone,Danish,Over the Phone Interpretation,Did Not Specify
Language Phone,Dari,Over the Phone Interpretation,Did Not Specify
Language Phone,Dari,Over the Phone Interpretation,Did Not Specify
Language Phone,Dinka,Over the Phone Interpretation,Did Not Specify
Language Phone,Dinka,Over the Phone Interpretation,Did Not Specify
Language Phone,Dioula (Dyula),Over the Phone Interpretation,Did Not Specify
Language Phone,Dioula (Dyula),Over the Phone Interpretation,Did Not Specify
Language Phone,Dutch,Over the Phone Interpretation,Did Not Specify
Language Phone,Estonian,Over the Phone Interpretation,Did Not Specify
Language Phone,Estonian,Over the Phone Interpretation,Did Not Specify
Language Phone,Ewe,Over the Phone Interpretation,On Demand
Language Phone,Ewe,Over the Phone Interpretation,Schedule in Advance
Language Phone,Ewe,Over the Phone Interpretation,Did Not Specify
Language Phone,Ewe,Over the Phone Interpretation,Did Not Specify
Language Phone,Fanti,Over the Phone Interpretation,Did Not Specify
Language Phone,Fanti,Over the Phone Interpretation,Did Not Specify
Language Phone,Farsi (Persian),Over the Phone Interpretation,On Demand
Language Phone,Farsi (Persian),Over the Phone Interpretation,Schedule in Advance
Language Phone,Farsi (Persian),Over the Phone Interpretation,Did Not Specify
Language Phone,Farsi (Persian),Over the Phone Interpretation,Did Not Specify
Language Phone,Fijian,Over the Phone Interpretation,Did Not Specify
Language Phone,Fijian,Over the Phone Interpretation,Did Not Specify
Language Phone,Finnish,Over the Phone Interpretation,Did Not Specify
Language Phone,Finnish,Over the Phone Interpretation,Did Not Specify
Language Phone,Flemish,Over the Phone Interpretation,Did Not Specify
Language Phone,Flemish,Over the Phone Interpretation,Did Not Specify
Language Phone,French,Over the Phone Interpretation,Did Not Specify
Language Phone,French (Canadian),Over the Phone Interpretation,Did Not Specify
Language Phone,Fulani (Fula),Over the Phone Interpretation,On Demand
Language Phone,Fulani (Fula),Over the Phone Interpretation,Did Not Specify
Language Phone,Fulani (Fula),Over the Phone Interpretation,Schedule in Advance
Language Phone,Fulani (Fula),Over the Phone Interpretation,Did Not Specify
Language Phone,Fulani (Fula),Over the Phone Interpretation,Did Not Specify
Language Phone,Ga,Over the Phone Interpretation,Did Not Specify
Language Phone,Ga,Over the Phone Interpretation,Did Not Specify
Language Phone,Gaddang,Over the Phone Interpretation,Did Not Specify
Language Phone,Gaddang,Over the Phone Interpretation,Did Not Specify
Language Phone,Gaelic,Over the Phone Interpretation,Did Not Specify
Language Phone,Gaelic,Over the Phone Interpretation,Did Not Specify
Language Phone,Georgian,Over the Phone Interpretation,Did Not Specify
Language Phone,Georgian,Over the Phone Interpretation,Did Not Specify
Language Phone,German,Over the Phone Interpretation,Did Not Specify
Language Phone,Greek,Over the Phone Interpretation,Did Not Specify
Language Phone,Guinea-Bissau Creole,Over the Phone Interpretation,Schedule in Advance
Language Phone,Guinea-Bissau Creole,Over the Phone Interpretation,On Demand
Language Phone,Gujarati,Over the Phone Interpretation,Did Not Specify
Language Phone,Gujarati,Over the Phone Interpretation,Did Not Specify
Language Phone,Haitian Creole,Over the Phone Interpretation,Did Not Specify
Language Phone,Hebrew,Over the Phone Interpretation,Did Not Specify
Language Phone,Hebrew,Over the Phone Interpretation,Did Not Specify
Language Phone,Hindi,Over the Phone Interpretation,Did Not Specify
Language Phone,Hmong,Over the Phone Interpretation,Did Not Specify
Language Phone,Hmong,Over the Phone Interpretation,Did Not Specify
Language Phone,Hopi,Over the Phone Interpretation,Did Not Specify
Language Phone,Hopi,Over the Phone Interpretation,Did Not Specify
Language Phone,Hudanese,Over the Phone Interpretation,Did Not Specify
Language Phone,Hungarian,Over the Phone Interpretation,Schedule in Advance
Language Phone,Hungarian,Over the Phone Interpretation,On Demand
Language Phone,Hungarian,Over the Phone Interpretation,Did Not Specify
Language Phone,Hungarian,Over the Phone Interpretation,Did Not Specify
Language Phone,Ibanag,Over the Phone Interpretation,Did Not Specify
Language Phone,Ibanag,Over the Phone Interpretation,Did Not Specify
Language Phone,Ibo,Over the Phone Interpretation,Did Not Specify
Language Phone,Ibo,Over the Phone Interpretation,Did Not Specify
Language Phone,Icelandic,Over the Phone Interpretation,Did Not Specify
Language Phone,Icelandic,Over the Phone Interpretation,Did Not Specify
Language Phone,Igbo,Over the Phone Interpretation,Did Not Specify
Language Phone,Igbo,Over the Phone Interpretation,Did Not Specify
Language Phone,Ilocano,Over the Phone Interpretation,Did Not Specify
Language Phone,Ilocano,Over the Phone Interpretation,Did Not Specify
Language Phone,Indonesian,Over the Phone Interpretation,Did Not Specify
Language Phone,Inuktitut,Over the Phone Interpretation,Did Not Specify
Language Phone,Inuktitut,Over the Phone Interpretation,Did Not Specify
Language Phone,Jakartanese,Over the Phone Interpretation,Did Not Specify
Language Phone,Jakartanese,Over the Phone Interpretation,Did Not Specify
Language Phone,Jamaican Patuá,Over the Phone Interpretation,On Demand
Language Phone,Jamaican Patuá,Over the Phone Interpretation,Schedule in Advance
Language Phone,Japanese,Over the Phone Interpretation,Did Not Specify
Language Phone,Javanese,Over the Phone Interpretation,Did Not Specify
Language Phone,Javanese,Over the Phone Interpretation,Did Not Specify
Language Phone,Kamba,Over the Phone Interpretation,Did Not Specify
Language Phone,Kamba,Over the Phone Interpretation,Did Not Specify
Language Phone,Kanjobal,Over the Phone Interpretation,Did Not Specify
Language Phone,Kanjobal,Over the Phone Interpretation,Did Not Specify
Language Phone,Kapampangan (Pampango),Over the Phone Interpretation,Did Not Specify
Language Phone,Karen,Over the Phone Interpretation,Schedule in Advance
Language Phone,Karen,Over the Phone Interpretation,On Demand
Language Phone,Karen,Over the Phone Interpretation,Did Not Specify
Language Phone,Kasmiri,Over the Phone Interpretation,Did Not Specify
Language Phone,Kasmiri,Over the Phone Interpretation,Did Not Specify
Language Phone,Kazakh,Over the Phone Interpretation,Did Not Specify
Language Phone,Kazakh,Over the Phone Interpretation,Did Not Specify
Language Phone,Khmer (Cambodian),Over the Phone Interpretation,Did Not Specify
Language Phone,Khmer (Cambodian),Over the Phone Interpretation,Did Not Specify
Language Phone,Kinyarwanda,Over the Phone Interpretation,Did Not Specify
Language Phone,Kinyarwanda,Over the Phone Interpretation,Did Not Specify
Language Phone,Kirghiz,Over the Phone Interpretation,Did Not Specify
Language Phone,Kirghiz,Over the Phone Interpretation,Did Not Specify
Language Phone,Kirundi,Over the Phone Interpretation,On Demand
Language Phone,Kirundi,Over the Phone Interpretation,Did Not Specify
Language Phone,Kirundi,Over the Phone Interpretation,Schedule in Advance
Language Phone,Kirundi,Over the Phone Interpretation,Did Not Specify
Language Phone,Kiswahili,Over the Phone Interpretation,Did Not Specify
Language Phone,Kiswahili,Over the Phone Interpretation,Did Not Specify
Language Phone,Korean,Over the Phone Interpretation,Did Not Specify
Language Phone,Krio,Over the Phone Interpretation,Did Not Specify
Language Phone,Krio,Over the Phone Interpretation,Did Not Specify
Language Phone,Kurdish,Over the Phone Interpretation,Did Not Specify
Language Phone,Kurdish,Over the Phone Interpretation,Did Not Specify
Language Phone,Kurmanji,Over the Phone Interpretation,Did Not Specify
Language Phone,Kurmanji,Over the Phone Interpretation,Did Not Specify
Language Phone,Lao,Over the Phone Interpretation,Schedule in Advance
Language Phone,Lao,Over the Phone Interpretation,On Demand
Language Phone,Lao (Laotian),Over the Phone Interpretation,Did Not Specify
Language Phone,Lao (Laotian),Over the Phone Interpretation,Did Not Specify
Language Phone,Latvian,Over the Phone Interpretation,Schedule in Advance
Language Phone,Latvian,Over the Phone Interpretation,On Demand
Language Phone,Latvian,Over the Phone Interpretation,Did Not Specify
Language Phone,Latvian,Over the Phone Interpretation,Did Not Specify
Language Phone,Lingala,Over the Phone Interpretation,Did Not Specify
Language Phone,Lingala,Over the Phone Interpretation,Did Not Specify
Language Phone,Lithuanian,Over the Phone Interpretation,Did Not Specify
Language Phone,Lithuanian,Over the Phone Interpretation,Did Not Specify
Language Phone,Luganda,Over the Phone Interpretation,Did Not Specify
Language Phone,Luganda,Over the Phone Interpretation,Did Not Specify
Language Phone,Luo,Over the Phone Interpretation,Did Not Specify
Language Phone,Luo,Over the Phone Interpretation,Did Not Specify
Language Phone,Luxembourgeois,Over the Phone Interpretation,Did Not Specify
Language Phone,Luxembourgeois,Over the Phone Interpretation,Did Not Specify
Language Phone,Maay,Over the Phone Interpretation,Did Not Specify
Language Phone,Maay,Over the Phone Interpretation,Did Not Specify
Language Phone,Macanese Patuá,Over the Phone Interpretation,Schedule in Advance
Language Phone,Macanese Patuá,Over the Phone Interpretation,On Demand
Language Phone,Macedonian,Over the Phone Interpretation,Did Not Specify
Language Phone,Macedonian,Over the Phone Interpretation,Did Not Specify
Language Phone,Malagasy,Over the Phone Interpretation,Did Not Specify
Language Phone,Malagasy,Over the Phone Interpretation,Did Not Specify
Language Phone,Malay,Over the Phone Interpretation,Did Not Specify
Language Phone,Malay,Over the Phone Interpretation,Did Not Specify
Language Phone,Malayalam,Over the Phone Interpretation,Schedule in Advance
Language Phone,Malayalam,Over the Phone Interpretation,On Demand
Language Phone,Malayalam,Over the Phone Interpretation,Did Not Specify
Language Phone,Malayalam,Over the Phone Interpretation,Did Not Specify
Language Phone,Malinka,Over the Phone Interpretation,Did Not Specify
Language Phone,Malinka,Over the Phone Interpretation,Did Not Specify
Language Phone,Maltese,Over the Phone Interpretation,Did Not Specify
Language Phone,Maltese,Over the Phone Interpretation,Did Not Specify
Language Phone,Mam,Over the Phone Interpretation,Did Not Specify
Language Phone,Mam,Over the Phone Interpretation,Did Not Specify
Language Phone,Mandarin (Chinese),Over the Phone Interpretation,Did Not Specify
Language Phone,Mandingo,Over the Phone Interpretation,Did Not Specify
Language Phone,Mandingo,Over the Phone Interpretation,Did Not Specify
Language Phone,Mandinka,Over the Phone Interpretation,Schedule in Advance
Language Phone,Mandinka,Over the Phone Interpretation,Did Not Specify
Language Phone,Mandinka,Over the Phone Interpretation,On Demand
Language Phone,Mandinka,Over the Phone Interpretation,Did Not Specify
Language Phone,Maninka,Over the Phone Interpretation,On Demand
Language Phone,Maninka,Over the Phone Interpretation,Schedule in Advance
Language Phone,Marathi,Over the Phone Interpretation,Did Not Specify
Language Phone,Marathi,Over the Phone Interpretation,Did Not Specify
Language Phone,Marshallese,Over the Phone Interpretation,Did Not Specify
Language Phone,Marshallese,Over the Phone Interpretation,Did Not Specify
Language Phone,Maututu,Over the Phone Interpretation,Did Not Specify
Language Phone,Maututu,Over the Phone Interpretation,Did Not Specify
Language Phone,Mien,Over the Phone Interpretation,Did Not Specify
Language Phone,Mien,Over the Phone Interpretation,Did Not Specify
Language Phone,Mirpuri,Over the Phone Interpretation,Did Not Specify
Language Phone,Mirpuri,Over the Phone Interpretation,Did Not Specify
Language Phone,Mixteco,Over the Phone Interpretation,Did Not Specify
Language Phone,Mixteco,Over the Phone Interpretation,Did Not Specify
Language Phone,Moldovan,Over the Phone Interpretation,Did Not Specify
Language Phone,Moldovan,Over the Phone Interpretation,Did Not Specify
Language Phone,Mongolian,Over the Phone Interpretation,Did Not Specify
Language Phone,Mongolian,Over the Phone Interpretation,Did Not Specify
Language Phone,Montenegrin,Over the Phone Interpretation,Did Not Specify
Language Phone,Montenegrin,Over the Phone Interpretation,Did Not Specify
Language Phone,Nahuátl,Over the Phone Interpretation,On Demand
Language Phone,Nahuátl,Over the Phone Interpretation,Schedule in Advance
Language Phone,Navajo,Over the Phone Interpretation,Did Not Specify
Language Phone,Navajo,Over the Phone Interpretation,Did Not Specify
Language Phone,Neapolitan,Over the Phone Interpretation,Did Not Specify
Language Phone,Neapolitan,Over the Phone Interpretation,Did Not Specify
Language Phone,Nepali,Over the Phone Interpretation,Did Not Specify
Language Phone,Nepali,Over the Phone Interpretation,Did Not Specify
Language Phone,Nigerian (Pidgin English),Over the Phone Interpretation,Did Not Specify
Language Phone,Nigerian (Pidgin English),Over the Phone Interpretation,Did Not Specify
Language Phone,Norwegian,Over the Phone Interpretation,Did Not Specify
Language Phone,Norwegian,Over the Phone Interpretation,Did Not Specify
Language Phone,Nuer,Over the Phone Interpretation,Did Not Specify
Language Phone,Nuer,Over the Phone Interpretation,Did Not Specify
Language Phone,Oaxaca,Over the Phone Interpretation,Did Not Specify
Language Phone,Oaxaca,Over the Phone Interpretation,Did Not Specify
Language Phone,Ojibway,Over the Phone Interpretation,Did Not Specify
Language Phone,Ojibway,Over the Phone Interpretation,Did Not Specify
Language Phone,Oromo,Over the Phone Interpretation,Did Not Specify
Language Phone,Oromo,Over the Phone Interpretation,Did Not Specify
Language Phone,Pahari,Over the Phone Interpretation,Did Not Specify
Language Phone,Pahari,Over the Phone Interpretation,Did Not Specify
Language Phone,Pampangan,Over the Phone Interpretation,Did Not Specify
Language Phone,Pangasinan,Over the Phone Interpretation,Did Not Specify
Language Phone,Pangasinan,Over the Phone Interpretation,Did Not Specify
Language Phone,Pashto,Over the Phone Interpretation,Did Not Specify
Language Phone,Pashto,Over the Phone Interpretation,Did Not Specify
Language Phone,Patois,Over the Phone Interpretation,Did Not Specify
Language Phone,Patois,Over the Phone Interpretation,Did Not Specify
Language Phone,Pidgin English,Over the Phone Interpretation,Did Not Specify
Language Phone,Pidgin English,Over the Phone Interpretation,Did Not Specify
Language Phone,Polish,Over the Phone Interpretation,Did Not Specify
Language Phone,Portuguese,Over the Phone Interpretation,Did Not Specify
Language Phone,Portuguese Creole,Over the Phone Interpretation,Did Not Specify
Language Phone,Portuguese Creole,Over the Phone Interpretation,Did Not Specify
Language Phone,Potwari (Pothwari),Over the Phone Interpretation,Did Not Specify
Language Phone,Potwari (Pothwari),Over the Phone Interpretation,Did Not Specify
Language Phone,Pulaar,Over the Phone Interpretation,Did Not Specify
Language Phone,Pulaar (Fula),Over the Phone Interpretation,Did Not Specify
Language Phone,Puxian Chinese,Over the Phone Interpretation,Did Not Specify
Language Phone,Puxian Chinese,Over the Phone Interpretation,Did Not Specify
Language Phone,Quichua (Ecuador),Over the Phone Interpretation,Did Not Specify
Language Phone,Quichua (Ecuador),Over the Phone Interpretation,Did Not Specify
Language Phone,Rhade,Over the Phone Interpretation,Did Not Specify
Language Phone,Rhade,Over the Phone Interpretation,Did Not Specify
Language Phone,Rohingya,Over the Phone Interpretation,On Demand
Language Phone,Rohingya,Over the Phone Interpretation,Schedule in Advance
Language Phone,Romani,Over the Phone Interpretation,Did Not Specify
Language Phone,Romani,Over the Phone Interpretation,Did Not Specify
Language Phone,Romanian,Over the Phone Interpretation,Did Not Specify
Language Phone,Romanian,Over the Phone Interpretation,On Demand
Language Phone,Romanian,Over the Phone Interpretation,Schedule in Advance
Language Phone,Romanian,Over the Phone Interpretation,Did Not Specify
Language Phone,Russian,Over the Phone Interpretation,Did Not Specify
Language Phone,Samoan,Over the Phone Interpretation,Did Not Specify
Language Phone,Samoan,Over the Phone Interpretation,Did Not Specify
Language Phone,Sango,Over the Phone Interpretation,Did Not Specify
Language Phone,Sango,Over the Phone Interpretation,Did Not Specify
Language Phone,Sanskrit,Over the Phone Interpretation,Did Not Specify
Language Phone,Sanskrit,Over the Phone Interpretation,Did Not Specify
Language Phone,Serbian,Over the Phone Interpretation,Schedule in Advance
Language Phone,Serbian,Over the Phone Interpretation,On Demand
Language Phone,Serbian,Over the Phone Interpretation,Did Not Specify
Language Phone,Serbian,Over the Phone Interpretation,Did Not Specify
Language Phone,Shona,Over the Phone Interpretation,Did Not Specify
Language Phone,Shona,Over the Phone Interpretation,Did Not Specify
Language Phone,Sichuan,Over the Phone Interpretation,Did Not Specify
Language Phone,Sichuan,Over the Phone Interpretation,Did Not Specify
Language Phone,Sicilian,Over the Phone Interpretation,Did Not Specify
Language Phone,Sicilian,Over the Phone Interpretation,Did Not Specify
Language Phone,Sindhi,Over the Phone Interpretation,Did Not Specify
Language Phone,Sindhi,Over the Phone Interpretation,Did Not Specify
Language Phone,Sinhalese,Over the Phone Interpretation,Did Not Specify
Language Phone,Sinhalese,Over the Phone Interpretation,Did Not Specify
Language Phone,Slovak,Over the Phone Interpretation,On Demand
Language Phone,Slovak,Over the Phone Interpretation,Schedule in Advance
Language Phone,Slovak,Over the Phone Interpretation,Did Not Specify
Language Phone,Slovak,Over the Phone Interpretation,Did Not Specify
Language Phone,Slovenian,Over the Phone Interpretation,Did Not Specify
Language Phone,Slovenian,Over the Phone Interpretation,Did Not Specify
Language Phone,Somali,Over the Phone Interpretation,Did Not Specify
Language Phone,Somali,Over the Phone Interpretation,Schedule in Advance
Language Phone,Somali,Over the Phone Interpretation,On Demand
Language Phone,Somali,Over the Phone Interpretation,Did Not Specify
Language Phone,Soninke,Over the Phone Interpretation,Did Not Specify
Language Phone,Soninke,Over the Phone Interpretation,On Demand
Language Phone,Soninke,Over the Phone Interpretation,Schedule in Advance
Language Phone,Soninke,Over the Phone Interpretation,Did Not Specify
Language Phone,Soprani,Over the Phone Interpretation,Did Not Specify
Language Phone,Soprani,Over the Phone Interpretation,Did Not Specify
Language Phone,Sorani,Over the Phone Interpretation,Did Not Specify
Language Phone,Sorani,Over the Phone Interpretation,Did Not Specify
Language Phone,Sudanese,Over the Phone Interpretation,Did Not Specify
Language Phone,Sudanese,Over the Phone Interpretation,Did Not Specify
Language Phone,Swahili,Over the Phone Interpretation,On Demand
Language Phone,Swahili,Over the Phone Interpretation,Did Not Specify
Language Phone,Swahili,Over the Phone Interpretation,Schedule in Advance
Language Phone,Swahili,Over the Phone Interpretation,Did Not Specify
Language Phone,Sylheti,Over the Phone Interpretation,Did Not Specify
Language Phone,Sylheti,Over the Phone Interpretation,Schedule in Advance
Language Phone,Sylheti,Over the Phone Interpretation,On Demand
Language Phone,Sylheti,Over the Phone Interpretation,Did Not Specify
Language Phone,Tagalog,Over the Phone Interpretation,Did Not Specify
Language Phone,Taiwanese,Over the Phone Interpretation,Did Not Specify
Language Phone,Taiwanese,Over the Phone Interpretation,Did Not Specify
Language Phone,Tajik,Over the Phone Interpretation,Did Not Specify
Language Phone,Tajik,Over the Phone Interpretation,Did Not Specify
Language Phone,Tamil,Over the Phone Interpretation,On Demand
Language Phone,Tamil,Over the Phone Interpretation,Schedule in Advance
Language Phone,Tamil,Over the Phone Interpretation,Did Not Specify
Language Phone,Telugu,Over the Phone Interpretation,Did Not Specify
Language Phone,Telugu,Over the Phone Interpretation,Did Not Specify
Language Phone,Thai,Over the Phone Interpretation,Did Not Specify
Language Phone,Tibetan,Over the Phone Interpretation,On Demand
Language Phone,Tibetan,Over the Phone Interpretation,Schedule in Advance
Language Phone,Tibetan,Over the Phone Interpretation,Did Not Specify
Language Phone,Tibetan,Over the Phone Interpretation,Did Not Specify
Language Phone,Tigre,Over the Phone Interpretation,Did Not Specify
Language Phone,Tigre,Over the Phone Interpretation,Did Not Specify
Language Phone,Tigrigna (Tigrinya),Over the Phone Interpretation,Schedule in Advance
Language Phone,Tigrigna (Tigrinya),Over the Phone Interpretation,On Demand
Language Phone,Tigrigna (Tigrinya),Over the Phone Interpretation,Did Not Specify
Language Phone,Tigrigna (Tigrinya),Over the Phone Interpretation,Did Not Specify
Language Phone,Tongan,Over the Phone Interpretation,Did Not Specify
Language Phone,Tongan,Over the Phone Interpretation,Did Not Specify
Language Phone,Trique,Over the Phone Interpretation,Did Not Specify
Language Phone,Trique,Over the Phone Interpretation,Did Not Specify
Language Phone,Tshiluba,Over the Phone Interpretation,Did Not Specify
Language Phone,Tshiluba,Over the Phone Interpretation,Did Not Specify
Language Phone,Turkish,Over the Phone Interpretation,On Demand
Language Phone,Turkish,Over the Phone Interpretation,Schedule in Advance
Language Phone,Turkish,Over the Phone Interpretation,Did Not Specify
Language Phone,Twi,Over the Phone Interpretation,On Demand
Language Phone,Twi,Over the Phone Interpretation,Schedule in Advance
Language Phone,Twi,Over the Phone Interpretation,Did Not Specify
Language Phone,Twi,Over the Phone Interpretation,Did Not Specify
Language Phone,Ukrainian,Over the Phone Interpretation,Did Not Specify
Language Phone,Urdu,Over the Phone Interpretation,Did Not Specify
Language Phone,Uyghur,Over the Phone Interpretation,Did Not Specify
Language Phone,Uyghur,Over the Phone Interpretation,Did Not Specify
Language Phone,Uzbek,Over the Phone Interpretation,Schedule in Advance
Language Phone,Uzbek,Over the Phone Interpretation,Did Not Specify
Language Phone,Uzbek,Over the Phone Interpretation,On Demand
Language Phone,Uzbek,Over the Phone Interpretation,Did Not Specify
Language Phone,Vietnamese,Over the Phone Interpretation,Did Not Specify
Language Phone,Visayan,Over the Phone Interpretation,Did Not Specify
Language Phone,Visayan,Over the Phone Interpretation,Did Not Specify
Language Phone,Vlach,Over the Phone Interpretation,Did Not Specify
Language Phone,Vlach,Over the Phone Interpretation,Did Not Specify
Language Phone,Wenzhou,Over the Phone Interpretation,Did Not Specify
Language Phone,Wolof,Over the Phone Interpretation,On Demand
Language Phone,Wolof,Over the Phone Interpretation,Schedule in Advance
Language Phone,Wolof,Over the Phone Interpretation,Did Not Specify
Language Phone,Wolof,Over the Phone Interpretation,Did Not Specify
Language Phone,Yoruba,Over the Phone Interpretation,Did Not Specify
Language Phone,Yoruba,Over the Phone Interpretation,Did Not Specify
Language Phone,Yupik,Over the Phone Interpretation,Did Not Specify
Language Phone,Yupik (Yup’ik),Over the Phone Interpretation,Did Not Specify
Language Phone,Zande,Over the Phone Interpretation,Did Not Specify
Language Phone,Zande,Over the Phone Interpretation,Did Not Specify
Language Phone,Zapotec,Over the Phone Interpretation,Did Not Specify
Language Phone,Zapotec,Over the Phone Interpretation,Did Not Specify
Language Today,Afar,In-Person Interpretation (Consecutive),Schedule in Advance
Language Today,Afar,Over the Phone Interpretation,Schedule in Advance
Language Today,Afar,Video Remote Interpretation,Schedule in Advance
Language Today,Akan,In-Person Interpretation (Consecutive),Schedule in Advance
Language Today,Akan,Over the Phone Interpretation,Schedule in Advance
Language Today,Akan,Video Remote Interpretation,Schedule in Advance
Language Today,Arabic (Egyptian),In-Person Interpretation (Consecutive),Schedule in Advance
Language Today,Arabic (Egyptian),Over the Phone Interpretation,Schedule in Advance
Language Today,Arabic (Egyptian),Video Remote Interpretation,Schedule in Advance
Language Today,Bamanankan,In-Person Interpretation (Consecutive),Schedule in Advance
Language Today,Bamanankan,Over the Phone Interpretation,Schedule in Advance
Language Today,Bamanankan,Video Remote Interpretation,Schedule in Advance
Language Today,Bosnian,In-Person Interpretation (Consecutive),Schedule in Advance
Language Today,Bosnian,In-Person Interpretation (Simultaneous),Schedule in Advance
Language Today,Bosnian,Over the Phone Interpretation,Schedule in Advance
Language Today,Bosnian,Video Remote Interpretation,Schedule in Advance
Language Today,Cantonese (Chinese),In-Person Interpretation (Consecutive),Schedule in Advance
Language Today,Cantonese (Chinese),In-Person Interpretation (Simultaneous),Schedule in Advance
Language Today,Cantonese (Chinese),Over the Phone Interpretation,Schedule in Advance
Language Today,Cantonese (Chinese),Video Remote Interpretation,Schedule in Advance
Language Today,Chinese (Fujianese),In-Person Interpretation (Consecutive),Schedule in Advance
Language Today,Chinese (Fujianese),In-Person Interpretation (Simultaneous),Schedule in Advance
Language Today,Chinese (Fujianese),Over the Phone Interpretation,Schedule in Advance
Language Today,Chinese (Fujianese),Video Remote Interpretation,Schedule in Advance
Language Today,Chinese (Fuzhounese),In-Person Interpretation (Consecutive),Schedule in Advance
Language Today,Chinese (Fuzhounese),In-Person Interpretation (Simultaneous),Schedule in Advance
Language Today,Chinese (Fuzhounese),Over the Phone Interpretation,Schedule in Advance
Language Today,Chinese (Fuzhounese),Video Remote Interpretation,Schedule in Advance
Language Today,Chinese (Taishanese),In-Person Interpretation (Consecutive),Schedule in Advance
Language Today,Chinese (Taishanese),In-Person Interpretation (Simultaneous),Schedule in Advance
Language Today,Chinese (Taishanese),Over the Phone Interpretation,Schedule in Advance
Language Today,Chinese (Taishanese),Video Remote Interpretation,Schedule in Advance
Language Today,Chinese (Wenzhounese),Over the Phone Interpretation,Schedule in Advance
Language Today,Chinese (Wenzhounese),Video Remote Interpretation,Schedule in Advance
Language Today,Ewe,In-Person Interpretation (Consecutive),Schedule in Advance
Language Today,Ewe,Over the Phone Interpretation,Schedule in Advance
Language Today,Ewe,Video Remote Interpretation,Schedule in Advance
Language Today,Farsi (Persian),In-Person Interpretation (Consecutive),Schedule in Advance
Language Today,Farsi (Persian),In-Person Interpretation (Simultaneous),Schedule in Advance
Language Today,Farsi (Persian),Over the Phone Interpretation,Schedule in Advance
Language Today,Farsi (Persian),Video Remote Interpretation,Schedule in Advance
Language Today,Fulani (Fula),In-Person Interpretation (Consecutive),Schedule in Advance
Language Today,Fulani (Fula),Over the Phone Interpretation,Schedule in Advance
Language Today,Fulani (Fula),Video Remote Interpretation,Schedule in Advance
Language Today,Guinea-Bissau Creole,In-Person Interpretation (Consecutive),Schedule in Advance
Language Today,Guinea-Bissau Creole,In-Person Interpretation (Simultaneous),Schedule in Advance
Language Today,Guinea-Bissau Creole,Over the Phone Interpretation,Schedule in Advance
Language Today,Guinea-Bissau Creole,Video Remote Interpretation,Schedule in Advance
Language Today,Hungarian,In-Person Interpretation (Consecutive),Schedule in Advance
Language Today,Hungarian,In-Person Interpretation (Simultaneous),Schedule in Advance
Language Today,Hungarian,Over the Phone Interpretation,Schedule in Advance
Language Today,Hungarian,Video Remote Interpretation,Schedule in Advance
Language Today,Jamaican Patuá,In-Person Interpretation (Consecutive),Schedule in Advance
Language Today,Jamaican Patuá,In-Person Interpretation (Simultaneous),Schedule in Advance
Language Today,Jamaican Patuá,Over the Phone Interpretation,Schedule in Advance
Language Today,Jamaican Patuá,Video Remote Interpretation,Schedule in Advance
Language Today,Karen,In-Person Interpretation (Consecutive),Schedule in Advance
Language Today,Karen,In-Person Interpretation (Simultaneous),Schedule in Advance
Language Today,Karen,Over the Phone Interpretation,Schedule in Advance
Language Today,Karen,Video Remote Interpretation,Schedule in Advance
Language Today,Kirundi,In-Person Interpretation (Consecutive),Schedule in Advance
Language Today,Kirundi,Over the Phone Interpretation,Schedule in Advance
Language Today,Kirundi,Video Remote Interpretation,Schedule in Advance
Language Today,Lao,In-Person Interpretation (Consecutive),Schedule in Advance
Language Today,Lao,In-Person Interpretation (Simultaneous),Schedule in Advance
Language Today,Lao,Over the Phone Interpretation,Schedule in Advance
Language Today,Lao,Video Remote Interpretation,Schedule in Advance
Language Today,Latvian,In-Person Interpretation (Consecutive),Schedule in Advance
Language Today,Latvian,In-Person Interpretation (Simultaneous),Schedule in Advance
Language Today,Latvian,Over the Phone Interpretation,Schedule in Advance
Language Today,Latvian,Video Remote Interpretation,Schedule in Advance
Language Today,Macanese Patuá,Over the Phone Interpretation,Schedule in Advance
Language Today,Macanese Patuá,Video Remote Interpretation,Schedule in Advance
Language Today,Malayalam,In-Person Interpretation (Consecutive),Schedule in Advance
Language Today,Malayalam,In-Person Interpretation (Simultaneous),Schedule in Advance
Language Today,Malayalam,Over the Phone Interpretation,Schedule in Advance
Language Today,Malayalam,Video Remote Interpretation,Schedule in Advance
Language Today,Mandinka,In-Person Interpretation (Consecutive),Schedule in Advance
Language Today,Mandinka,Over the Phone Interpretation,Schedule in Advance
Language Today,Mandinka,Video Remote Interpretation,Schedule in Advance
Language Today,Maninka,In-Person Interpretation (Consecutive),Schedule in Advance
Language Today,Nahuátl,In-Person Interpretation (Consecutive),Schedule in Advance
Language Today,Nahuátl,In-Person Interpretation (Simultaneous),Schedule in Advance
Language Today,Nahuátl,Over the Phone Interpretation,Schedule in Advance
Language Today,Nahuátl,Video Remote Interpretation,Schedule in Advance
Language Today,Rohingya,In-Person Interpretation (Consecutive),Schedule in Advance
Language Today,Rohingya,In-Person Interpretation (Simultaneous),Schedule in Advance
Language Today,Rohingya,Over the Phone Interpretation,Schedule in Advance
Language Today,Rohingya,Video Remote Interpretation,Schedule in Advance
Language Today,Romanian,In-Person Interpretation (Consecutive),Schedule in Advance
Language Today,Romanian,In-Person Interpretation (Simultaneous),Schedule in Advance
Language Today,Romanian,Over the Phone Interpretation,Schedule in Advance
Language Today,Romanian,Video Remote Interpretation,Schedule in Advance
Language Today,Serbian,In-Person Interpretation (Consecutive),Schedule in Advance
Language Today,Serbian,In-Person Interpretation (Simultaneous),Schedule in Advance
Language Today,Serbian,Over the Phone Interpretation,Schedule in Advance
Language Today,Serbian,Video Remote Interpretation,Schedule in Advance
Language Today,Slovak,In-Person Interpretation (Consecutive),Schedule in Advance
Language Today,Slovak,In-Person Interpretation (Simultaneous),Schedule in Advance
Language Today,Slovak,Over the Phone Interpretation,Schedule in Advance
Language Today,Slovak,Video Remote Interpretation,Schedule in Advance
Language Today,Somali,In-Person Interpretation (Consecutive),Schedule in Advance
Language Today,Somali,Over the Phone Interpretation,Schedule in Advance
Language Today,Somali,Video Remote Interpretation,Schedule in Advance
Language Today,Soninke,In-Person Interpretation (Consecutive),Schedule in Advance
Language Today,Soninke,Over the Phone Interpretation,Schedule in Advance
Language Today,Soninke,Video Remote Interpretation,Schedule in Advance
Language Today,Swahili,In-Person Interpretation (Consecutive),Schedule in Advance
Language Today,Swahili,Over the Phone Interpretation,Schedule in Advance
Language Today,Swahili,Video Remote Interpretation,Schedule in Advance
Language Today,Sylheti,In-Person Interpretation (Consecutive),Schedule in Advance
Language Today,Sylheti,In-Person Interpretation (Simultaneous),Schedule in Advance
Language Today,Sylheti,Over the Phone Interpretation,Schedule in Advance
Language Today,Sylheti,Video Remote Interpretation,Schedule in Advance
Language Today,Tamil,In-Person Interpretation (Consecutive),Schedule in Advance
Language Today,Tamil,In-Person Interpretation (Simultaneous),Schedule in Advance
Language Today,Tamil,Over the Phone Interpretation,Schedule in Advance
Language Today,Tamil,Video Remote Interpretation,Schedule in Advance
Language Today,Tibetan,In-Person Interpretation (Consecutive),Schedule in Advance
Language Today,Tibetan,In-Person Interpretation (Simultaneous),Schedule in Advance
Language Today,Tibetan,Over the Phone Interpretation,Schedule in Advance
Language Today,Tibetan,Video Remote Interpretation,Schedule in Advance
Language Today,Tigrigna (Tigrinya),In-Person Interpretation (Consecutive),Schedule in Advance
Language Today,Tigrigna (Tigrinya),Over the Phone Interpretation,Schedule in Advance
Language Today,Tigrigna (Tigrinya),Video Remote Interpretation,Schedule in Advance
Language Today,Turkish,In-Person Interpretation (Consecutive),Schedule in Advance
Language Today,Turkish,In-Person Interpretation (Simultaneous),Schedule in Advance
Language Today,Turkish,Over the Phone Interpretation,Schedule in Advance
Language Today,Turkish,Video Remote Interpretation,Schedule in Advance
Language Today,Twi,In-Person Interpretation (Consecutive),Schedule in Advance
Language Today,Twi,Over the Phone Interpretation,Schedule in Advance
Language Today,Twi,Video Remote Interpretation,Schedule in Advance
Language Today,Uzbek,In-Person Interpretation (Consecutive),Schedule in Advance
Language Today,Uzbek,In-Person Interpretation (Simultaneous),Schedule in Advance
Language Today,Uzbek,Over the Phone Interpretation,Schedule in Advance
Language Today,Uzbek,Video Remote Interpretation,Schedule in Advance
Language Today,Wolof,In-Person Interpretation (Consecutive),Schedule in Advance
Language Today,Wolof,Over the Phone Interpretation,Schedule in Advance
Language Today,Wolof,Video Remote Interpretation,Schedule in Advance
LanguageLine Solutions,Afar,Over the Phone Interpretation,Schedule in Advance
LanguageLine Solutions,Afar,Over the Phone Interpretation,On Demand
LanguageLine Solutions,Akan,In-Person Interpretation (Consecutive),Schedule in Advance
LanguageLine Solutions,Akan,Over the Phone Interpretation,On Demand
LanguageLine Solutions,Akan,Over the Phone Interpretation,Schedule in Advance
LanguageLine Solutions,Arabic (Egyptian),Over the Phone Interpretation,On Demand
LanguageLine Solutions,Arabic (Egyptian),Over the Phone Interpretation,Schedule in Advance
LanguageLine Solutions,Bamanankan,In-Person Interpretation (Consecutive),Schedule in Advance
LanguageLine Solutions,Bamanankan,Over the Phone Interpretation,Schedule in Advance
LanguageLine Solutions,Bamanankan,Over the Phone Interpretation,On Demand
LanguageLine Solutions,Bosnian,In-Person Interpretation (Consecutive),Schedule in Advance
LanguageLine Solutions,Bosnian,Over the Phone Interpretation,On Demand
LanguageLine Solutions,Bosnian,Video Remote Interpretation,Schedule in Advance
LanguageLine Solutions,British Sign Language,In-Person Interpretation (Consecutive),Schedule in Advance
LanguageLine Solutions,British Sign Language,Video Remote Interpretation,Schedule in Advance
LanguageLine Solutions,Cantonese (Chinese),In-Person Interpretation (Consecutive),Schedule in Advance
LanguageLine Solutions,Cantonese (Chinese),Over the Phone Interpretation,On Demand
LanguageLine Solutions,Cantonese (Chinese),Over the Phone Interpretation,Schedule in Advance
LanguageLine Solutions,Cantonese (Chinese),Video Remote Interpretation,On Demand
LanguageLine Solutions,Cantonese (Chinese),Video Remote Interpretation,Schedule in Advance
LanguageLine Solutions,Chinese (Fujianese),In-Person Interpretation (Consecutive),Schedule in Advance
LanguageLine Solutions,Chinese (Fujianese),Over the Phone Interpretation,On Demand
LanguageLine Solutions,Chinese (Fujianese),Over the Phone Interpretation,Schedule in Advance
LanguageLine Solutions,Chinese (Fuzhounese),In-Person Interpretation (Consecutive),Schedule in Advance
LanguageLine Solutions,Chinese (Fuzhounese),Over the Phone Interpretation,Schedule in Advance
LanguageLine Solutions,Chinese (Fuzhounese),Over the Phone Interpretation,On Demand
LanguageLine Solutions,Chinese (Taishanese),In-Person Interpretation (Consecutive),Schedule in Advance
LanguageLine Solutions,Chinese (Taishanese),Over the Phone Interpretation,On Demand
LanguageLine Solutions,Chinese (Taishanese),Over the Phone Interpretation,Schedule in Advance
LanguageLine Solutions,Chinese (Wenzhounese),In-Person Interpretation (Consecutive),Schedule in Advance
LanguageLine Solutions,Chinese (Wenzhounese),Over the Phone Interpretation,Schedule in Advance
LanguageLine Solutions,Chinese (Wenzhounese),Over the Phone Interpretation,On Demand
LanguageLine Solutions,Ewe,In-Person Interpretation (Consecutive),Schedule in Advance
LanguageLine Solutions,Ewe,Over the Phone Interpretation,Schedule in Advance
LanguageLine Solutions,Ewe,Over the Phone Interpretation,On Demand
LanguageLine Solutions,Farsi (Persian),In-Person Interpretation (Consecutive),Schedule in Advance
LanguageLine Solutions,Farsi (Persian),Over the Phone Interpretation,On Demand
LanguageLine Solutions,Farsi (Persian),Over the Phone Interpretation,Schedule in Advance
LanguageLine Solutions,Farsi (Persian),Video Remote Interpretation,On Demand
LanguageLine Solutions,Farsi (Persian),Video Remote Interpretation,Schedule in Advance
LanguageLine Solutions,Fulani (Fula),In-Person Interpretation (Consecutive),Schedule in Advance
LanguageLine Solutions,Fulani (Fula),Over the Phone Interpretation,Schedule in Advance
LanguageLine Solutions,Fulani (Fula),Over the Phone Interpretation,On Demand
LanguageLine Solutions,Hungarian,In-Person Interpretation (Consecutive),Schedule in Advance
LanguageLine Solutions,Hungarian,Over the Phone Interpretation,On Demand
LanguageLine Solutions,Hungarian,Video Remote Interpretation,Schedule in Advance
LanguageLine Solutions,Jamaican Patuá,In-Person Interpretation (Consecutive),Schedule in Advance
LanguageLine Solutions,Jamaican Patuá,Over the Phone Interpretation,On Demand
LanguageLine Solutions,Jamaican Patuá,Over the Phone Interpretation,Schedule in Advance
LanguageLine Solutions,Jamaican Patuá,Video Remote Interpretation,Schedule in Advance
LanguageLine Solutions,Karen,In-Person Interpretation (Consecutive),Schedule in Advance
LanguageLine Solutions,Karen,Over the Phone Interpretation,Schedule in Advance
LanguageLine Solutions,Karen,Over the Phone Interpretation,On Demand
LanguageLine Solutions,Karen,Video Remote Interpretation,Schedule in Advance
LanguageLine Solutions,Kirundi,In-Person Interpretation (Consecutive),Schedule in Advance
LanguageLine Solutions,Kirundi,Over the Phone Interpretation,On Demand
LanguageLine Solutions,Kirundi,Over the Phone Interpretation,Schedule in Advance
LanguageLine Solutions,Lao,In-Person Interpretation (Consecutive),Schedule in Advance
LanguageLine Solutions,Lao,Over the Phone Interpretation,On Demand
LanguageLine Solutions,Lao,Over the Phone Interpretation,Schedule in Advance
LanguageLine Solutions,Lao,Video Remote Interpretation,Schedule in Advance
LanguageLine Solutions,Latvian,In-Person Interpretation (Consecutive),Schedule in Advance
LanguageLine Solutions,Latvian,Over the Phone Interpretation,On Demand
LanguageLine Solutions,Latvian,Video Remote Interpretation,Schedule in Advance
LanguageLine Solutions,Malayalam,Over the Phone Interpretation,Schedule in Advance
LanguageLine Solutions,Mandinka,In-Person Interpretation (Consecutive),Schedule in Advance
LanguageLine Solutions,Mandinka,Over the Phone Interpretation,Schedule in Advance
LanguageLine Solutions,Mandinka,Over the Phone Interpretation,On Demand
LanguageLine Solutions,Maninka,In-Person Interpretation (Consecutive),Schedule in Advance
LanguageLine Solutions,Maninka,Over the Phone Interpretation,On Demand
LanguageLine Solutions,Maninka,Over the Phone Interpretation,Schedule in Advance
LanguageLine Solutions,Nahuátl,In-Person Interpretation (Consecutive),Schedule in Advance
LanguageLine Solutions,Nahuátl,Over the Phone Interpretation,Schedule in Advance
LanguageLine Solutions,Nahuátl,Over the Phone Interpretation,On Demand
LanguageLine Solutions,Rohingya,In-Person Interpretation (Consecutive),Schedule in Advance
LanguageLine Solutions,Rohingya,Over the Phone Interpretation,On Demand
LanguageLine Solutions,Rohingya,Video Remote Interpretation,Schedule in Advance
LanguageLine Solutions,Romanian,In-Person Interpretation (Consecutive),Schedule in Advance
LanguageLine Solutions,Romanian,Over the Phone Interpretation,On Demand
LanguageLine Solutions,Romanian,Video Remote Interpretation,Schedule in Advance
LanguageLine Solutions,Serbian,In-Person Interpretation (Consecutive),Schedule in Advance
LanguageLine Solutions,Serbian,Over the Phone Interpretation,On Demand
LanguageLine Solutions,Serbian,Video Remote Interpretation,Schedule in Advance
LanguageLine Solutions,Slovak,In-Person Interpretation (Consecutive),Schedule in Advance
LanguageLine Solutions,Slovak,Over the Phone Interpretation,On Demand
LanguageLine Solutions,Somali,Over the Phone Interpretation,On Demand
LanguageLine Solutions,Somali,Over the Phone Interpretation,Schedule in Advance
LanguageLine Solutions,Soninke,In-Person Interpretation (Consecutive),Schedule in Advance
LanguageLine Solutions,Soninke,Over the Phone Interpretation,On Demand
LanguageLine Solutions,Soninke,Over the Phone Interpretation,Schedule in Advance
LanguageLine Solutions,Swahili,In-Person Interpretation (Consecutive),Schedule in Advance
LanguageLine Solutions,Swahili,Over the Phone Interpretation,On Demand
LanguageLine Solutions,Swahili,Over the Phone Interpretation,Schedule in Advance
LanguageLine Solutions,Sylheti,In-Person Interpretation (Consecutive),Schedule in Advance
LanguageLine Solutions,Sylheti,Over the Phone Interpretation,On Demand
LanguageLine Solutions,Sylheti,Video Remote Interpretation,Schedule in Advance
LanguageLine Solutions,Tamil,In-Person Interpretation (Consecutive),Schedule in Advance
LanguageLine Solutions,Tamil,Over the Phone Interpretation,Schedule in Advance
LanguageLine Solutions,Tibetan,In-Person Interpretation (Consecutive),Schedule in Advance
LanguageLine Solutions,Tibetan,Over the Phone Interpretation,Schedule in Advance
LanguageLine Solutions,Tibetan,Over the Phone Interpretation,On Demand
LanguageLine Solutions,Tigrigna (Tigrinya),Over the Phone Interpretation,Schedule in Advance
LanguageLine Solutions,Tigrigna (Tigrinya),Over the Phone Interpretation,On Demand
LanguageLine Solutions,Turkish,In-Person Interpretation (Consecutive),Schedule in Advance
LanguageLine Solutions,Turkish,Over the Phone Interpretation,Schedule in Advance
LanguageLine Solutions,Turkish,Over the Phone Interpretation,On Demand
LanguageLine Solutions,Twi,In-Person Interpretation (Consecutive),Schedule in Advance
LanguageLine Solutions,Twi,Over the Phone Interpretation,On Demand
LanguageLine Solutions,Twi,Over the Phone Interpretation,Schedule in Advance
LanguageLine Solutions,Uzbek,In-Person Interpretation (Consecutive),Schedule in Advance
LanguageLine Solutions,Uzbek,Over the Phone Interpretation,On Demand
LanguageLine Solutions,Uzbek,Over the Phone Interpretation,Schedule in Advance
LanguageLine Solutions,Wolof,In-Person Interpretation (Consecutive),Schedule in Advance
LanguageLine Solutions,Wolof,Over the Phone Interpretation,Schedule in Advance
LanguageLine Solutions,Wolof,Over the Phone Interpretation,On Demand
LinguaLinx Language Solutions Inc,Afar,Over the Phone Interpretation,On Demand
LinguaLinx Language Solutions Inc,Akan,Over the Phone Interpretation,On Demand
LinguaLinx Language Solutions Inc,Arabic (Egyptian),Over the Phone Interpretation,On Demand
LinguaLinx Language Solutions Inc,Bamanankan,Over the Phone Interpretation,On Demand
LinguaLinx Language Solutions Inc,Bosnian,Over the Phone Interpretation,On Demand
LinguaLinx Language Solutions Inc,British Sign Language,In-Person Interpretation (Simultaneous),Schedule in Advance
LinguaLinx Language Solutions Inc,Cantonese (Chinese),In-Person Interpretation (Consecutive),Schedule in Advance
LinguaLinx Language Solutions Inc,Cantonese (Chinese),Over the Phone Interpretation,On Demand
LinguaLinx Language Solutions Inc,Chinese (Fujianese),In-Person Interpretation (Consecutive),Schedule in Advance
LinguaLinx Language Solutions Inc,Chinese (Fujianese),Over the Phone Interpretation,On Demand
LinguaLinx Language Solutions Inc,Chinese (Fuzhounese),In-Person Interpretation (Consecutive),Schedule in Advance
LinguaLinx Language Solutions Inc,Chinese (Fuzhounese),Over the Phone Interpretation,On Demand
LinguaLinx Language Solutions Inc,Chinese (Taishanese),Over the Phone Interpretation,On Demand
LinguaLinx Language Solutions Inc,Chinese (Wenzhounese),In-Person Interpretation (Consecutive),Schedule in Advance
LinguaLinx Language Solutions Inc,Chinese (Wenzhounese),Over the Phone Interpretation,On Demand
LinguaLinx Language Solutions Inc,Ewe,Over the Phone Interpretation,On Demand
LinguaLinx Language Solutions Inc,Farsi (Persian),In-Person Interpretation (Consecutive),Schedule in Advance
LinguaLinx Language Solutions Inc,Farsi (Persian),Over the Phone Interpretation,On Demand
LinguaLinx Language Solutions Inc,French Sign Language,In-Person Interpretation (Simultaneous),Schedule in Advance
LinguaLinx Language Solutions Inc,Fulani (Fula),In-Person Interpretation (Consecutive),Schedule in Advance
LinguaLinx Language Solutions Inc,Fulani (Fula),Over the Phone Interpretation,On Demand
LinguaLinx Language Solutions Inc,Hungarian,In-Person Interpretation (Consecutive),Schedule in Advance
LinguaLinx Language Solutions Inc,Hungarian,Over the Phone Interpretation,On Demand
LinguaLinx Language Solutions Inc,Japanese Sign Language,In-Person Interpretation (Simultaneous),Schedule in Advance
LinguaLinx Language Solutions Inc,Karen,In-Person Interpretation (Consecutive),Schedule in Advance
LinguaLinx Language Solutions Inc,Karen,Over the Phone Interpretation,On Demand
LinguaLinx Language Solutions Inc,Kirundi,Over the Phone Interpretation,On Demand
LinguaLinx Language Solutions Inc,Lao,Over the Phone Interpretation,On Demand
LinguaLinx Language Solutions Inc,Latvian,Over the Phone Interpretation,On Demand
LinguaLinx Language Solutions Inc,Malayalam,In-Person Interpretation (Consecutive),Schedule in Advance
LinguaLinx Language Solutions Inc,Malayalam,Over the Phone Interpretation,On Demand
LinguaLinx Language Solutions Inc,Mandinka,Over the Phone Interpretation,On Demand
LinguaLinx Language Solutions Inc,Mexican Sign Language,In-Person Interpretation (Simultaneous),Schedule in Advance
LinguaLinx Language Solutions Inc,Rohingya,Over the Phone Interpretation,On Demand
LinguaLinx Language Solutions Inc,Romanian,In-Person Interpretation (Consecutive),Schedule in Advance
LinguaLinx Language Solutions Inc,Romanian,Over the Phone Interpretation,On Demand
LinguaLinx Language Solutions Inc,Russian Sign Language,In-Person Interpretation (Simultaneous),Schedule in Advance
LinguaLinx Language Solutions Inc,Serbian,In-Person Interpretation (Consecutive),Schedule in Advance
LinguaLinx Language Solutions Inc,Serbian,Over the Phone Interpretation,On Demand
LinguaLinx Language Solutions Inc,Slovak,Over the Phone Interpretation,On Demand
LinguaLinx Language Solutions Inc,Somali,In-Person Interpretation (Consecutive),Schedule in Advance
LinguaLinx Language Solutions Inc,Somali,Over the Phone Interpretation,On Demand
LinguaLinx Language Solutions Inc,Soninke,Over the Phone Interpretation,On Demand
LinguaLinx Language Solutions Inc,Swahili,In-Person Interpretation (Consecutive),Schedule in Advance
LinguaLinx Language Solutions Inc,Swahili,Over the Phone Interpretation,On Demand
LinguaLinx Language Solutions Inc,Sylheti,Over the Phone Interpretation,On Demand
LinguaLinx Language Solutions Inc,Tamil,Over the Phone Interpretation,On Demand
LinguaLinx Language Solutions Inc,Tibetan,Over the Phone Interpretation,On Demand
LinguaLinx Language Solutions Inc,Tigrigna (Tigrinya),In-Person Interpretation (Consecutive),Schedule in Advance
LinguaLinx Language Solutions Inc,Tigrigna (Tigrinya),Over the Phone Interpretation,On Demand
LinguaLinx Language Solutions Inc,Turkish,In-Person Interpretation (Consecutive),Schedule in Advance
LinguaLinx Language Solutions Inc,Turkish,Over the Phone Interpretation,On Demand
LinguaLinx Language Solutions Inc,Twi,Over the Phone Interpretation,On Demand
LinguaLinx Language Solutions Inc,Ukrainian Sign language,In-Person Interpretation (Simultaneous),Schedule in Advance
LinguaLinx Language Solutions Inc,Uzbek,Over the Phone Interpretation,On Demand
LinguaLinx Language Solutions Inc,Venezuelan Sign Language,In-Person Interpretation (Simultaneous),Schedule in Advance
LinguaLinx Language Solutions Inc,Wolof,Over the Phone Interpretation,On Demand
Lionbridge Technologies (LLC),Afar,Over the Phone Interpretation,Schedule in Advance
Lionbridge Technologies (LLC),Afar,Over the Phone Interpretation,On Demand
Lionbridge Technologies (LLC),Akan,Over the Phone Interpretation,On Demand
Lionbridge Technologies (LLC),Akan,Over the Phone Interpretation,Schedule in Advance
Lionbridge Technologies (LLC),Arabic (Egyptian),Over the Phone Interpretation,Schedule in Advance
Lionbridge Technologies (LLC),Arabic (Egyptian),Over the Phone Interpretation,On Demand
Lionbridge Technologies (LLC),Bamanankan,Over the Phone Interpretation,Schedule in Advance
Lionbridge Technologies (LLC),Bamanankan,Over the Phone Interpretation,On Demand
Lionbridge Technologies (LLC),Bosnian,Over the Phone Interpretation,Schedule in Advance
Lionbridge Technologies (LLC),Bosnian,Over the Phone Interpretation,On Demand
Lionbridge Technologies (LLC),Cantonese (Chinese),Over the Phone Interpretation,Schedule in Advance
Lionbridge Technologies (LLC),Cantonese (Chinese),Over the Phone Interpretation,On Demand
Lionbridge Technologies (LLC),Chinese (Fujianese),Over the Phone Interpretation,Schedule in Advance
Lionbridge Technologies (LLC),Chinese (Fujianese),Over the Phone Interpretation,On Demand
Lionbridge Technologies (LLC),Chinese (Fuzhounese),Over the Phone Interpretation,On Demand
Lionbridge Technologies (LLC),Chinese (Fuzhounese),Over the Phone Interpretation,Schedule in Advance
Lionbridge Technologies (LLC),Chinese (Taishanese),Over the Phone Interpretation,Schedule in Advance
Lionbridge Technologies (LLC),Chinese (Taishanese),Over the Phone Interpretation,On Demand
Lionbridge Technologies (LLC),Chinese (Wenzhounese),Over the Phone Interpretation,On Demand
Lionbridge Technologies (LLC),Chinese (Wenzhounese),Over the Phone Interpretation,Schedule in Advance
Lionbridge Technologies (LLC),Ewe,Over the Phone Interpretation,Schedule in Advance
Lionbridge Technologies (LLC),Ewe,Over the Phone Interpretation,On Demand
Lionbridge Technologies (LLC),Farsi (Persian),Over the Phone Interpretation,Schedule in Advance
Lionbridge Technologies (LLC),Farsi (Persian),Over the Phone Interpretation,On Demand
Lionbridge Technologies (LLC),Fulani (Fula),Over the Phone Interpretation,Schedule in Advance
Lionbridge Technologies (LLC),Fulani (Fula),Over the Phone Interpretation,On Demand
Lionbridge Technologies (LLC),Hungarian,Over the Phone Interpretation,On Demand
Lionbridge Technologies (LLC),Hungarian,Over the Phone Interpretation,Schedule in Advance
Lionbridge Technologies (LLC),Karen,Over the Phone Interpretation,Schedule in Advance
Lionbridge Technologies (LLC),Karen,Over the Phone Interpretation,On Demand
Lionbridge Technologies (LLC),Kirundi,Over the Phone Interpretation,Schedule in Advance
Lionbridge Technologies (LLC),Kirundi,Over the Phone Interpretation,On Demand
Lionbridge Technologies (LLC),Lao,Over the Phone Interpretation,Schedule in Advance
Lionbridge Technologies (LLC),Lao,Over the Phone Interpretation,On Demand
Lionbridge Technologies (LLC),Latvian,Over the Phone Interpretation,On Demand
Lionbridge Technologies (LLC),Latvian,Over the Phone Interpretation,Schedule in Advance
Lionbridge Technologies (LLC),Malayalam,Over the Phone Interpretation,On Demand
Lionbridge Technologies (LLC),Malayalam,Over the Phone Interpretation,Schedule in Advance
Lionbridge Technologies (LLC),Mandinka,Over the Phone Interpretation,On Demand
Lionbridge Technologies (LLC),Mandinka,Over the Phone Interpretation,Schedule in Advance
Lionbridge Technologies (LLC),Nahuátl,Over the Phone Interpretation,Schedule in Advance
Lionbridge Technologies (LLC),Nahuátl,Over the Phone Interpretation,On Demand
Lionbridge Technologies (LLC),Rohingya,Over the Phone Interpretation,Schedule in Advance
Lionbridge Technologies (LLC),Rohingya,Over the Phone Interpretation,On Demand
Lionbridge Technologies (LLC),Romanian,Over the Phone Interpretation,Schedule in Advance
Lionbridge Technologies (LLC),Romanian,Over the Phone Interpretation,On Demand
Lionbridge Technologies (LLC),Serbian,Over the Phone Interpretation,On Demand
Lionbridge Technologies (LLC),Serbian,Over the Phone Interpretation,Schedule in Advance
Lionbridge Technologies (LLC),Slovak,Over the Phone Interpretation,Schedule in Advance
Lionbridge Technologies (LLC),Slovak,Over the Phone Interpretation,On Demand
Lionbridge Technologies (LLC),Somali,Over the Phone Interpretation,On Demand
Lionbridge Technologies (LLC),Somali,Over the Phone Interpretation,Schedule in Advance
Lionbridge Technologies (LLC),Soninke,Over the Phone Interpretation,Schedule in Advance
Lionbridge Technologies (LLC),Soninke,Over the Phone Interpretation,On Demand
Lionbridge Technologies (LLC),Swahili,Over the Phone Interpretation,Schedule in Advance
Lionbridge Technologies (LLC),Swahili,Over the Phone Interpretation,On Demand
Lionbridge Technologies (LLC),Sylheti,Over the Phone Interpretation,On Demand
Lionbridge Technologies (LLC),Sylheti,Over the Phone Interpretation,Schedule in Advance
Lionbridge Technologies (LLC),Tamil,Over the Phone Interpretation,On Demand
Lionbridge Technologies (LLC),Tamil,Over the Phone Interpretation,Schedule in Advance
Lionbridge Technologies (LLC),Tibetan,Over the Phone Interpretation,Schedule in Advance
Lionbridge Technologies (LLC),Tibetan,Over the Phone Interpretation,On Demand
Lionbridge Technologies (LLC),Tigrigna (Tigrinya),Over the Phone Interpretation,On Demand
Lionbridge Technologies (LLC),Tigrigna (Tigrinya),Over the Phone Interpretation,Schedule in Advance
Lionbridge Technologies (LLC),Turkish,Over the Phone Interpretation,Schedule in Advance
Lionbridge Technologies (LLC),Turkish,Over the Phone Interpretation,On Demand
Lionbridge Technologies (LLC),Twi,Over the Phone Interpretation,On Demand
Lionbridge Technologies (LLC),Twi,Over the Phone Interpretation,Schedule in Advance
Lionbridge Technologies (LLC),Uzbek,Over the Phone Interpretation,Schedule in Advance
Lionbridge Technologies (LLC),Uzbek,Over the Phone Interpretation,On Demand
Lionbridge Technologies (LLC),Wolof,Over the Phone Interpretation,Schedule in Advance
Lionbridge Technologies (LLC),Wolof,Over the Phone Interpretation,On Demand
LM Language Services,Akan,Over the Phone Interpretation,Schedule in Advance
LM Language Services,Arabic (Egyptian),In-Person Interpretation (Consecutive),Schedule in Advance
LM Language Services,Arabic (Egyptian),Over the Phone Interpretation,Schedule in Advance
LM Language Services,Arabic (Egyptian),Video Remote Interpretation,Schedule in Advance
LM Language Services,Bamanankan,Over the Phone Interpretation,Schedule in Advance
LM Language Services,Bosnian,In-Person Interpretation (Consecutive),Schedule in Advance
LM Language Services,Bosnian,Over the Phone Interpretation,On Demand
LM Language Services,Bosnian,Over the Phone Interpretation,Schedule in Advance
LM Language Services,Bosnian,Video Remote Interpretation,Schedule in Advance
LM Language Services,Cantonese (Chinese),In-Person Interpretation (Consecutive),Schedule in Advance
LM Language Services,Cantonese (Chinese),In-Person Interpretation (Simultaneous),Schedule in Advance
LM Language Services,Cantonese (Chinese),Over the Phone Interpretation,On Demand
LM Language Services,Cantonese (Chinese),Over the Phone Interpretation,Schedule in Advance
LM Language Services,Cantonese (Chinese),Video Remote Interpretation,On Demand
LM Language Services,Cantonese (Chinese),Video Remote Interpretation,Schedule in Advance
LM Language Services,Chinese (Fujianese),In-Person Interpretation (Consecutive),Schedule in Advance
LM Language Services,Chinese (Fujianese),In-Person Interpretation (Simultaneous),Schedule in Advance
LM Language Services,Chinese (Fujianese),Over the Phone Interpretation,Schedule in Advance
LM Language Services,Chinese (Fuzhounese),In-Person Interpretation (Consecutive),Schedule in Advance
LM Language Services,Chinese (Fuzhounese),In-Person Interpretation (Simultaneous),Schedule in Advance
LM Language Services,Chinese (Fuzhounese),Over the Phone Interpretation,Schedule in Advance
LM Language Services,Chinese (Fuzhounese),Video Remote Interpretation,Schedule in Advance
LM Language Services,Chinese (Taishanese),In-Person Interpretation (Consecutive),Schedule in Advance
LM Language Services,Chinese (Taishanese),In-Person Interpretation (Simultaneous),Schedule in Advance
LM Language Services,Chinese (Taishanese),Over the Phone Interpretation,Schedule in Advance
LM Language Services,Chinese (Taishanese),Video Remote Interpretation,Schedule in Advance
LM Language Services,Ewe,In-Person Interpretation (Consecutive),Schedule in Advance
LM Language Services,Ewe,Over the Phone Interpretation,Schedule in Advance
LM Language Services,Farsi (Persian),In-Person Interpretation (Consecutive),Schedule in Advance
LM Language Services,Farsi (Persian),Over the Phone Interpretation,Schedule in Advance
LM Language Services,Farsi (Persian),Over the Phone Interpretation,On Demand
LM Language Services,Farsi (Persian),Video Remote Interpretation,On Demand
LM Language Services,Farsi (Persian),Video Remote Interpretation,Schedule in Advance
LM Language Services,Fulani (Fula),In-Person Interpretation (Consecutive),Schedule in Advance
LM Language Services,Fulani (Fula),Over the Phone Interpretation,Schedule in Advance
LM Language Services,Fulani (Fula),Video Remote Interpretation,Schedule in Advance
LM Language Services,Hungarian,In-Person Interpretation (Consecutive),Schedule in Advance
LM Language Services,Hungarian,Over the Phone Interpretation,On Demand
LM Language Services,Hungarian,Over the Phone Interpretation,Schedule in Advance
LM Language Services,Hungarian,Video Remote Interpretation,On Demand
LM Language Services,Hungarian,Video Remote Interpretation,Schedule in Advance
LM Language Services,Jamaican Patuá,Over the Phone Interpretation,Schedule in Advance
LM Language Services,Karen,Over the Phone Interpretation,Schedule in Advance
LM Language Services,Karen,Over the Phone Interpretation,On Demand
LM Language Services,Karen,Video Remote Interpretation,Schedule in Advance
LM Language Services,Kirundi,Over the Phone Interpretation,On Demand
LM Language Services,Kirundi,Over the Phone Interpretation,Schedule in Advance
LM Language Services,Kirundi,Video Remote Interpretation,Schedule in Advance
LM Language Services,Lao,Over the Phone Interpretation,On Demand
LM Language Services,Lao,Over the Phone Interpretation,Schedule in Advance
LM Language Services,Latvian,Over the Phone Interpretation,Schedule in Advance
LM Language Services,Malayalam,Over the Phone Interpretation,Schedule in Advance
LM Language Services,Malayalam,Video Remote Interpretation,Schedule in Advance
LM Language Services,Mandinka,In-Person Interpretation (Consecutive),Schedule in Advance
LM Language Services,Mandinka,Over the Phone Interpretation,Schedule in Advance
LM Language Services,Maninka,Over the Phone Interpretation,Schedule in Advance
LM Language Services,Nahuátl,Video Remote Interpretation,Schedule in Advance
LM Language Services,Rohingya,Over the Phone Interpretation,On Demand
LM Language Services,Rohingya,Over the Phone Interpretation,Schedule in Advance
LM Language Services,Rohingya,Video Remote Interpretation,Schedule in Advance
LM Language Services,Romanian,In-Person Interpretation (Consecutive),Schedule in Advance
LM Language Services,Romanian,Over the Phone Interpretation,On Demand
LM Language Services,Romanian,Over the Phone Interpretation,Schedule in Advance
LM Language Services,Romanian,Video Remote Interpretation,On Demand
LM Language Services,Romanian,Video Remote Interpretation,Schedule in Advance
LM Language Services,Serbian,In-Person Interpretation (Consecutive),Schedule in Advance
LM Language Services,Serbian,Over the Phone Interpretation,On Demand
LM Language Services,Serbian,Over the Phone Interpretation,Schedule in Advance
LM Language Services,Serbian,Video Remote Interpretation,Schedule in Advance
LM Language Services,Slovak,In-Person Interpretation (Consecutive),Schedule in Advance
LM Language Services,Slovak,Over the Phone Interpretation,On Demand
LM Language Services,Slovak,Over the Phone Interpretation,Schedule in Advance
LM Language Services,Somali,Over the Phone Interpretation,On Demand
LM Language Services,Somali,Over the Phone Interpretation,Schedule in Advance
LM Language Services,Somali,Video Remote Interpretation,On Demand
LM Language Services,Somali,Video Remote Interpretation,Schedule in Advance
LM Language Services,Soninke,In-Person Interpretation (Consecutive),Schedule in Advance
LM Language Services,Soninke,Over the Phone Interpretation,Schedule in Advance
LM Language Services,Soninke,Video Remote Interpretation,Schedule in Advance
LM Language Services,Swahili,In-Person Interpretation (Consecutive),Schedule in Advance
LM Language Services,Swahili,Over the Phone Interpretation,Schedule in Advance
LM Language Services,Swahili,Over the Phone Interpretation,On Demand
LM Language Services,Swahili,Video Remote Interpretation,On Demand
LM Language Services,Swahili,Video Remote Interpretation,Schedule in Advance
LM Language Services,Sylheti,Over the Phone Interpretation,Schedule in Advance
LM Language Services,Tamil,Over the Phone Interpretation,Schedule in Advance
LM Language Services,Tibetan,Over the Phone Interpretation,On Demand
LM Language Services,Tibetan,Over the Phone Interpretation,Schedule in Advance
LM Language Services,Tibetan,Video Remote Interpretation,Schedule in Advance
LM Language Services,Tigrigna (Tigrinya),Over the Phone Interpretation,On Demand
LM Language Services,Tigrigna (Tigrinya),Over the Phone Interpretation,Schedule in Advance
LM Language Services,Tigrigna (Tigrinya),Video Remote Interpretation,On Demand
LM Language Services,Tigrigna (Tigrinya),Video Remote Interpretation,Schedule in Advance
LM Language Services,Turkish,In-Person Interpretation (Consecutive),Schedule in Advance
LM Language Services,Turkish,Over the Phone Interpretation,Schedule in Advance
LM Language Services,Turkish,Over the Phone Interpretation,On Demand
LM Language Services,Turkish,Video Remote Interpretation,Schedule in Advance
LM Language Services,Twi,In-Person Interpretation (Consecutive),Schedule in Advance
LM Language Services,Twi,Over the Phone Interpretation,Schedule in Advance
LM Language Services,Twi,Video Remote Interpretation,Schedule in Advance
LM Language Services,Uzbek,Over the Phone Interpretation,Schedule in Advance
LM Language Services,Wolof,In-Person Interpretation (Consecutive),Schedule in Advance
LM Language Services,Wolof,Over the Phone Interpretation,Schedule in Advance
LM Language Services,Wolof,Over the Phone Interpretation,On Demand
LM Language Services,Wolof,Video Remote Interpretation,Schedule in Advance
LM Language Services,Wolof,Video Remote Interpretation,On Demand
Maya Bridge Language Services (LLC),Acehnese,In-Person Interpretation (Consecutive),Schedule in Advance
Maya Bridge Language Services (LLC),Acehnese,In-Person Interpretation (Simultaneous),Schedule in Advance
Maya Bridge Language Services (LLC),Acehnese,Over the Phone Interpretation,On Demand
Maya Bridge Language Services (LLC),Acehnese,Over the Phone Interpretation,Schedule in Advance
Maya Bridge Language Services (LLC),Acehnese,Video Remote Interpretation,On Demand
Maya Bridge Language Services (LLC),Acehnese,Video Remote Interpretation,Schedule in Advance
Maya Bridge Language Services (LLC),Achi (Calbulco),Did Not Specify,Did Not Specify
Maya Bridge Language Services (LLC),Achi (Rabinal),Did Not Specify,Did Not Specify
Maya Bridge Language Services (LLC),Acoli,Did Not Specify,Did Not Specify
Maya Bridge Language Services (LLC),Adele,Did Not Specify,Did Not Specify
Maya Bridge Language Services (LLC),Aderi,Did Not Specify,Did Not Specify
Maya Bridge Language Services (LLC),Afrikaans,In-Person Interpretation (Consecutive),Schedule in Advance
Maya Bridge Language Services (LLC),Afrikaans,In-Person Interpretation (Simultaneous),Schedule in Advance
Maya Bridge Language Services (LLC),Afrikaans,Over the Phone Interpretation,On Demand
Maya Bridge Language Services (LLC),Afrikaans,Over the Phone Interpretation,Schedule in Advance
Maya Bridge Language Services (LLC),Afrikaans,Video Remote Interpretation,Schedule in Advance
Maya Bridge Language Services (LLC),Afrikaans,Video Remote Interpretation,On Demand
Maya Bridge Language Services (LLC),Aimara,Did Not Specify,Did Not Specify
Maya Bridge Language Services (LLC),Akan,Did Not Specify,Did Not Specify
Maya Bridge Language Services (LLC),Akateko (Akatek),Did Not Specify,Did Not Specify
Maya Bridge Language Services (LLC),Albanian,Did Not Specify,Did Not Specify
Maya Bridge Language Services (LLC),Algerian,Did Not Specify,Did Not Specify
Maya Bridge Language Services (LLC),Amharic,Did Not Specify,Did Not Specify
Maya Bridge Language Services (LLC),Amuzgo,Did Not Specify,Did Not Specify
Maya Bridge Language Services (LLC),Apoi,Did Not Specify,Did Not Specify
Maya Bridge Language Services (LLC),Arabic,Did Not Specify,Did Not Specify
Maya Bridge Language Services (LLC),Arabic (Chadian),Did Not Specify,Did Not Specify
Maya Bridge Language Services (LLC),Arabic (Egyptian),In-Person Interpretation (Consecutive),Schedule in Advance
Maya Bridge Language Services (LLC),Arabic (Egyptian),In-Person Interpretation (Simultaneous),Schedule in Advance
Maya Bridge Language Services (LLC),Arabic (Egyptian),Over the Phone Interpretation,Schedule in Advance
Maya Bridge Language Services (LLC),Arabic (Egyptian),Over the Phone Interpretation,On Demand
Maya Bridge Language Services (LLC),Arabic (Egyptian),Video Remote Interpretation,Schedule in Advance
Maya Bridge Language Services (LLC),Arabic (Egyptian),Video Remote Interpretation,On Demand
Maya Bridge Language Services (LLC),Arabic (Ghulfan),Did Not Specify,Did Not Specify
Maya Bridge Language Services (LLC),Arabic (Lebanese),Did Not Specify,Did Not Specify
Maya Bridge Language Services (LLC),Arabic Creole,Did Not Specify,Did Not Specify
Maya Bridge Language Services (LLC),Arakanese,Did Not Specify,Did Not Specify
Maya Bridge Language Services (LLC),Aramaic,Did Not Specify,Did Not Specify
Maya Bridge Language Services (LLC),Armenian,Did Not Specify,Did Not Specify
Maya Bridge Language Services (LLC),Asante (Ashanti),Did Not Specify,Did Not Specify
Maya Bridge Language Services (LLC),Assamese,Did Not Specify,Did Not Specify
Maya Bridge Language Services (LLC),Assyrian,Did Not Specify,Did Not Specify
Maya Bridge Language Services (LLC),"Awakatek (Aguacateco, Aguateco)",Did Not Specify,Did Not Specify
Maya Bridge Language Services (LLC),Azerbaijani,Did Not Specify,Did Not Specify
Maya Bridge Language Services (LLC),Azeri (Cyrillic),Did Not Specify,Did Not Specify
Maya Bridge Language Services (LLC),Azeri (Latin),Did Not Specify,Did Not Specify
Maya Bridge Language Services (LLC),Azeri (Turkish),In-Person Interpretation (Consecutive),Schedule in Advance
Maya Bridge Language Services (LLC),Azeri (Turkish),In-Person Interpretation (Simultaneous),Schedule in Advance
Maya Bridge Language Services (LLC),Azeri (Turkish),Over the Phone Interpretation,On Demand
Maya Bridge Language Services (LLC),Azeri (Turkish),Over the Phone Interpretation,Schedule in Advance
Maya Bridge Language Services (LLC),Azeri (Turkish),Video Remote Interpretation,On Demand
Maya Bridge Language Services (LLC),Azeri (Turkish),Video Remote Interpretation,Schedule in Advance
Maya Bridge Language Services (LLC),Bahasa (Malaysian),Did Not Specify,Did Not Specify
Maya Bridge Language Services (LLC),Bajuni,Did Not Specify,Did Not Specify
Maya Bridge Language Services (LLC),Balochi,Did Not Specify,Did Not Specify
Maya Bridge Language Services (LLC),Bamanankan,Did Not Specify,Did Not Specify
Maya Bridge Language Services (LLC),Bambara,Did Not Specify,Did Not Specify
Maya Bridge Language Services (LLC),Bangla,Did Not Specify,Did Not Specify
Maya Bridge Language Services (LLC),Basa Sunda,Did Not Specify,Did Not Specify
Maya Bridge Language Services (LLC),Bashkir,In-Person Interpretation (Consecutive),Schedule in Advance
Maya Bridge Language Services (LLC),Bashkir,In-Person Interpretation (Simultaneous),Schedule in Advance
Maya Bridge Language Services (LLC),Bashkir,Over the Phone Interpretation,Schedule in Advance
Maya Bridge Language Services (LLC),Bashkir,Over the Phone Interpretation,On Demand
Maya Bridge Language Services (LLC),Bashkir,Video Remote Interpretation,On Demand
Maya Bridge Language Services (LLC),Bashkir,Video Remote Interpretation,Schedule in Advance
Maya Bridge Language Services (LLC),Basque (Euskara),Did Not Specify,Did Not Specify
Maya Bridge Language Services (LLC),Bassa,Did Not Specify,Did Not Specify
Maya Bridge Language Services (LLC),Belarusian,Did Not Specify,Did Not Specify
Maya Bridge Language Services (LLC),Bembe (Kibembe),Did Not Specify,Did Not Specify
Maya Bridge Language Services (LLC),Bosnian,In-Person Interpretation (Consecutive),Schedule in Advance
Maya Bridge Language Services (LLC),Bosnian,In-Person Interpretation (Simultaneous),Schedule in Advance
Maya Bridge Language Services (LLC),Bosnian,Over the Phone Interpretation,On Demand
Maya Bridge Language Services (LLC),Bosnian,Over the Phone Interpretation,Schedule in Advance
Maya Bridge Language Services (LLC),Bosnian,Video Remote Interpretation,On Demand
Maya Bridge Language Services (LLC),Bosnian,Video Remote Interpretation,Schedule in Advance
Maya Bridge Language Services (LLC),Breton,Did Not Specify,Did Not Specify
Maya Bridge Language Services (LLC),British Sign Language,Over the Phone Interpretation,On Demand
Maya Bridge Language Services (LLC),British Sign Language,Over the Phone Interpretation,Schedule in Advance
Maya Bridge Language Services (LLC),British Sign Language,Video Remote Interpretation,On Demand
Maya Bridge Language Services (LLC),British Sign Language,Video Remote Interpretation,Schedule in Advance
Maya Bridge Language Services (LLC),Bulgarian,Did Not Specify,Did Not Specify
Maya Bridge Language Services (LLC),Burmese,Did Not Specify,Did Not Specify
Maya Bridge Language Services (LLC),Buryat,Did Not Specify,Did Not Specify
Maya Bridge Language Services (LLC),Cambodian,Did Not Specify,Did Not Specify
Maya Bridge Language Services (LLC),Cantonese (Chinese),In-Person Interpretation (Consecutive),Schedule in Advance
Maya Bridge Language Services (LLC),Cantonese (Chinese),In-Person Interpretation (Simultaneous),Schedule in Advance
Maya Bridge Language Services (LLC),Cantonese (Chinese),Over the Phone Interpretation,On Demand
Maya Bridge Language Services (LLC),Cantonese (Chinese),Over the Phone Interpretation,Schedule in Advance
Maya Bridge Language Services (LLC),Cantonese (Chinese),Video Remote Interpretation,Schedule in Advance
Maya Bridge Language Services (LLC),Cantonese (Chinese),Video Remote Interpretation,On Demand
Maya Bridge Language Services (LLC),Cape Verdean Creole,Did Not Specify,Did Not Specify
Maya Bridge Language Services (LLC),Carolinean,Did Not Specify,Did Not Specify
Maya Bridge Language Services (LLC),Catalan,Did Not Specify,Did Not Specify
Maya Bridge Language Services (LLC),Cebuano,Did Not Specify,Did Not Specify
Maya Bridge Language Services (LLC),Ch’ol,Did Not Specify,Did Not Specify
Maya Bridge Language Services (LLC),Ch’orti’,Did Not Specify,Did Not Specify
Maya Bridge Language Services (LLC),Chalchiteko,Did Not Specify,Did Not Specify
Maya Bridge Language Services (LLC),Chalchiteko Popti',In-Person Interpretation (Consecutive),Schedule in Advance
Maya Bridge Language Services (LLC),Chalchiteko Popti',In-Person Interpretation (Simultaneous),Schedule in Advance
Maya Bridge Language Services (LLC),Chalchiteko Popti',Over the Phone Interpretation,On Demand
Maya Bridge Language Services (LLC),Chalchiteko Popti',Over the Phone Interpretation,Schedule in Advance
Maya Bridge Language Services (LLC),Chalchiteko Popti',Video Remote Interpretation,On Demand
Maya Bridge Language Services (LLC),Chalchiteko Popti',Video Remote Interpretation,Schedule in Advance
Maya Bridge Language Services (LLC),Chaldean,Did Not Specify,Did Not Specify
Maya Bridge Language Services (LLC),Chamorro Ojibwe,Did Not Specify,Did Not Specify
Maya Bridge Language Services (LLC),Chao-Chow,Did Not Specify,Did Not Specify
Maya Bridge Language Services (LLC),Chatino,Did Not Specify,Did Not Specify
Maya Bridge Language Services (LLC),Cherokee,Did Not Specify,Did Not Specify
Maya Bridge Language Services (LLC),Chin (Falam),Did Not Specify,Did Not Specify
Maya Bridge Language Services (LLC),Chin (Hakha),Did Not Specify,Did Not Specify
Maya Bridge Language Services (LLC),Chin (Lai),Did Not Specify,Did Not Specify
Maya Bridge Language Services (LLC),Chin (Mara),Did Not Specify,Did Not Specify
Maya Bridge Language Services (LLC),Chin (Matu),Did Not Specify,Did Not Specify
Maya Bridge Language Services (LLC),Chin (Mizo),Did Not Specify,Did Not Specify
Maya Bridge Language Services (LLC),Chin (Tedim),Did Not Specify,Did Not Specify
Maya Bridge Language Services (LLC),Chinanteco,Did Not Specify,Did Not Specify
Maya Bridge Language Services (LLC),Chinese (Fukienese),Did Not Specify,Did Not Specify
Maya Bridge Language Services (LLC),Chinese (Fuzhou),Did Not Specify,Did Not Specify
Maya Bridge Language Services (LLC),Chinese (Hainanese),Did Not Specify,Did Not Specify
Maya Bridge Language Services (LLC),Chinese (Hakka),Did Not Specify,Did Not Specify
Maya Bridge Language Services (LLC),Chinese (Hokkien),Did Not Specify,Did Not Specify
Maya Bridge Language Services (LLC),Chinese (Shanghainese),Did Not Specify,Did Not Specify
Maya Bridge Language Services (LLC),Chinese (Toisanese),Did Not Specify,Did Not Specify
Maya Bridge Language Services (LLC),Chinese Xiang,Did Not Specify,Did Not Specify
Maya Bridge Language Services (LLC),Chinn,Did Not Specify,Did Not Specify
Maya Bridge Language Services (LLC),Chontal,Did Not Specify,Did Not Specify
Maya Bridge Language Services (LLC),Chuj,Did Not Specify,Did Not Specify
Maya Bridge Language Services (LLC),Chuukese,Did Not Specify,Did Not Specify
Maya Bridge Language Services (LLC),Cora,Did Not Specify,Did Not Specify
Maya Bridge Language Services (LLC),Corsican,Did Not Specify,Did Not Specify
Maya Bridge Language Services (LLC),Cotocoli (Tem),Did Not Specify,Did Not Specify
Maya Bridge Language Services (LLC),Creole,In-Person Interpretation (Consecutive),Schedule in Advance
Maya Bridge Language Services (LLC),Creole,In-Person Interpretation (Simultaneous),Schedule in Advance
Maya Bridge Language Services (LLC),Creole,Over the Phone Interpretation,Schedule in Advance
Maya Bridge Language Services (LLC),Creole,Over the Phone Interpretation,On Demand
Maya Bridge Language Services (LLC),Creole,Video Remote Interpretation,Schedule in Advance
Maya Bridge Language Services (LLC),Creole,Video Remote Interpretation,On Demand
Maya Bridge Language Services (LLC),Croatian,Did Not Specify,Did Not Specify
Maya Bridge Language Services (LLC),Czech,Did Not Specify,Did Not Specify
Maya Bridge Language Services (LLC),Danish,In-Person Interpretation (Consecutive),Schedule in Advance
Maya Bridge Language Services (LLC),Danish,In-Person Interpretation (Simultaneous),Schedule in Advance
Maya Bridge Language Services (LLC),Danish,Over the Phone Interpretation,Schedule in Advance
Maya Bridge Language Services (LLC),Danish,Over the Phone Interpretation,On Demand
Maya Bridge Language Services (LLC),Danish,Video Remote Interpretation,On Demand
Maya Bridge Language Services (LLC),Danish,Video Remote Interpretation,Schedule in Advance
Maya Bridge Language Services (LLC),Dari (Afghan),Did Not Specify,Did Not Specify
Maya Bridge Language Services (LLC),Dari (Persian),Did Not Specify,Did Not Specify
Maya Bridge Language Services (LLC),Dinka,Did Not Specify,Did Not Specify
Maya Bridge Language Services (LLC),Diola,Did Not Specify,Did Not Specify
Maya Bridge Language Services (LLC),Divehi,Did Not Specify,Did Not Specify
Maya Bridge Language Services (LLC),Dutch,Did Not Specify,Did Not Specify
Maya Bridge Language Services (LLC),Dyula,Did Not Specify,Did Not Specify
Maya Bridge Language Services (LLC),Edo,Did Not Specify,Did Not Specify
Maya Bridge Language Services (LLC),Estonian,Did Not Specify,Did Not Specify
Maya Bridge Language Services (LLC),Ewe,In-Person Interpretation (Consecutive),Schedule in Advance
Maya Bridge Language Services (LLC),Ewe,In-Person Interpretation (Simultaneous),Schedule in Advance
Maya Bridge Language Services (LLC),Ewe,Over the Phone Interpretation,Schedule in Advance
Maya Bridge Language Services (LLC),Ewe,Over the Phone Interpretation,On Demand
Maya Bridge Language Services (LLC),Ewe,Video Remote Interpretation,On Demand
Maya Bridge Language Services (LLC),Ewe,Video Remote Interpretation,Schedule in Advance
Maya Bridge Language Services (LLC),Fanti,Did Not Specify,Did Not Specify
Maya Bridge Language Services (LLC),Farsi (Iranian),Did Not Specify,Did Not Specify
Maya Bridge Language Services (LLC),Farsi (Persian),In-Person Interpretation (Consecutive),Schedule in Advance
Maya Bridge Language Services (LLC),Farsi (Persian),In-Person Interpretation (Simultaneous),Schedule in Advance
Maya Bridge Language Services (LLC),Farsi (Persian),Over the Phone Interpretation,Schedule in Advance
Maya Bridge Language Services (LLC),Farsi (Persian),Over the Phone Interpretation,On Demand
Maya Bridge Language Services (LLC),Farsi (Persian),Video Remote Interpretation,Schedule in Advance
Maya Bridge Language Services (LLC),Farsi (Persian),Video Remote Interpretation,On Demand
Maya Bridge Language Services (LLC),Filipino (Tagalog),Did Not Specify,Did Not Specify
Maya Bridge Language Services (LLC),Finnish,Did Not Specify,Did Not Specify
Maya Bridge Language Services (LLC),Flemish,Did Not Specify,Did Not Specify
Maya Bridge Language Services (LLC),French (Canadian),Did Not Specify,Did Not Specify
Maya Bridge Language Services (LLC),French Creole,Did Not Specify,Did Not Specify
Maya Bridge Language Services (LLC),Frisian,Did Not Specify,Did Not Specify
Maya Bridge Language Services (LLC),Fulani (Fula),In-Person Interpretation (Consecutive),Schedule in Advance
Maya Bridge Language Services (LLC),Fulani (Fula),In-Person Interpretation (Simultaneous),Schedule in Advance
Maya Bridge Language Services (LLC),Fulani (Fula),Over the Phone Interpretation,Schedule in Advance
Maya Bridge Language Services (LLC),Fulani (Fula),Over the Phone Interpretation,On Demand
Maya Bridge Language Services (LLC),Fulani (Fula),Video Remote Interpretation,Schedule in Advance
Maya Bridge Language Services (LLC),Fulani (Fula),Video Remote Interpretation,On Demand
Maya Bridge Language Services (LLC),Fuqing,Did Not Specify,Did Not Specify
Maya Bridge Language Services (LLC),Ga,Did Not Specify,Did Not Specify
Maya Bridge Language Services (LLC),Galician,Did Not Specify,Did Not Specify
Maya Bridge Language Services (LLC),Garifuna,Did Not Specify,Did Not Specify
Maya Bridge Language Services (LLC),Garre,Did Not Specify,Did Not Specify
Maya Bridge Language Services (LLC),Georgian,Did Not Specify,Did Not Specify
Maya Bridge Language Services (LLC),German,Did Not Specify,Did Not Specify
Maya Bridge Language Services (LLC),Greek,Did Not Specify,Did Not Specify
Maya Bridge Language Services (LLC),Greenlandic,Did Not Specify,Did Not Specify
Maya Bridge Language Services (LLC),Guarani,Did Not Specify,Did Not Specify
Maya Bridge Language Services (LLC),Guatemalan Sign Language,Did Not Specify,Did Not Specify
Maya Bridge Language Services (LLC),Guere,Did Not Specify,Did Not Specify
Maya Bridge Language Services (LLC),Guinea-Bissau Creole,In-Person Interpretation (Consecutive),Schedule in Advance
Maya Bridge Language Services (LLC),Guinea-Bissau Creole,In-Person Interpretation (Simultaneous),Schedule in Advance
Maya Bridge Language Services (LLC),Guinea-Bissau Creole,Over the Phone Interpretation,Schedule in Advance
Maya Bridge Language Services (LLC),Guinea-Bissau Creole,Over the Phone Interpretation,On Demand
Maya Bridge Language Services (LLC),Guinea-Bissau Creole,Video Remote Interpretation,Schedule in Advance
Maya Bridge Language Services (LLC),Guinea-Bissau Creole,Video Remote Interpretation,On Demand
Maya Bridge Language Services (LLC),Gujarati,Did Not Specify,Did Not Specify
Maya Bridge Language Services (LLC),Haitian Creole,In-Person Interpretation (Consecutive),Schedule in Advance
Maya Bridge Language Services (LLC),Haitian Creole,In-Person Interpretation (Simultaneous),Schedule in Advance
Maya Bridge Language Services (LLC),Haitian Creole,Over the Phone Interpretation,On Demand
Maya Bridge Language Services (LLC),Haitian Creole,Over the Phone Interpretation,Schedule in Advance
Maya Bridge Language Services (LLC),Haitian Creole,Video Remote Interpretation,Schedule in Advance
Maya Bridge Language Services (LLC),Haitian Creole,Video Remote Interpretation,On Demand
Maya Bridge Language Services (LLC),Hassaniya,Did Not Specify,Did Not Specify
Maya Bridge Language Services (LLC),Hausa,Did Not Specify,Did Not Specify
Maya Bridge Language Services (LLC),Hebrew,In-Person Interpretation (Consecutive),Schedule in Advance
Maya Bridge Language Services (LLC),Hebrew,In-Person Interpretation (Simultaneous),Schedule in Advance
Maya Bridge Language Services (LLC),Hebrew,Over the Phone Interpretation,Schedule in Advance
Maya Bridge Language Services (LLC),Hebrew,Over the Phone Interpretation,On Demand
Maya Bridge Language Services (LLC),Hebrew,Video Remote Interpretation,Schedule in Advance
Maya Bridge Language Services (LLC),Hebrew,Video Remote Interpretation,On Demand
Maya Bridge Language Services (LLC),Hiligaynon,Did Not Specify,Did Not Specify
Maya Bridge Language Services (LLC),Hindi,Did Not Specify,Did Not Specify
Maya Bridge Language Services (LLC),Hmong,Did Not Specify,Did Not Specify
Maya Bridge Language Services (LLC),Huasteco,Did Not Specify,Did Not Specify
Maya Bridge Language Services (LLC),Huichol,Did Not Specify,Did Not Specify
Maya Bridge Language Services (LLC),Hunan,Did Not Specify,Did Not Specify
Maya Bridge Language Services (LLC),Hungarian,In-Person Interpretation (Consecutive),Schedule in Advance
Maya Bridge Language Services (LLC),Hungarian,In-Person Interpretation (Simultaneous),Schedule in Advance
Maya Bridge Language Services (LLC),Hungarian,Over the Phone Interpretation,On Demand
Maya Bridge Language Services (LLC),Hungarian,Over the Phone Interpretation,Schedule in Advance
Maya Bridge Language Services (LLC),Hungarian,Video Remote Interpretation,On Demand
Maya Bridge Language Services (LLC),Hungarian,Video Remote Interpretation,Schedule in Advance
Maya Bridge Language Services (LLC),Igbo,Did Not Specify,Did Not Specify
Maya Bridge Language Services (LLC),Ilocano,Did Not Specify,Did Not Specify
Maya Bridge Language Services (LLC),Ilonggo,Did Not Specify,Did Not Specify
Maya Bridge Language Services (LLC),Indonesian,Did Not Specify,Did Not Specify
Maya Bridge Language Services (LLC),Inuktitut,Did Not Specify,Did Not Specify
Maya Bridge Language Services (LLC),Irish,Did Not Specify,Did Not Specify
Maya Bridge Language Services (LLC),Itza’,Did Not Specify,Did Not Specify
Maya Bridge Language Services (LLC),Ixcatec,Did Not Specify,Did Not Specify
Maya Bridge Language Services (LLC),Ixil,Did Not Specify,Did Not Specify
Maya Bridge Language Services (LLC),Jakaltek,Did Not Specify,Did Not Specify
Maya Bridge Language Services (LLC),Jamaican Patuá,Did Not Specify,Did Not Specify
Maya Bridge Language Services (LLC),Japanese,In-Person Interpretation (Consecutive),Schedule in Advance
Maya Bridge Language Services (LLC),Japanese,In-Person Interpretation (Simultaneous),Schedule in Advance
Maya Bridge Language Services (LLC),Japanese,Over the Phone Interpretation,Schedule in Advance
Maya Bridge Language Services (LLC),Japanese,Over the Phone Interpretation,On Demand
Maya Bridge Language Services (LLC),Japanese,Video Remote Interpretation,On Demand
Maya Bridge Language Services (LLC),Japanese,Video Remote Interpretation,Schedule in Advance
Maya Bridge Language Services (LLC),Jawanese,Did Not Specify,Did Not Specify
Maya Bridge Language Services (LLC),Jiangsu,Did Not Specify,Did Not Specify
Maya Bridge Language Services (LLC),Jola‐Fonyi,Did Not Specify,Did Not Specify
Maya Bridge Language Services (LLC),Jordanian,Did Not Specify,Did Not Specify
Maya Bridge Language Services (LLC),Kabiye,Did Not Specify,Did Not Specify
Maya Bridge Language Services (LLC),Kachin,Did Not Specify,Did Not Specify
Maya Bridge Language Services (LLC),Kannada,Did Not Specify,Did Not Specify
Maya Bridge Language Services (LLC),Kapampangan (Pampango),Did Not Specify,Did Not Specify
Maya Bridge Language Services (LLC),Kaqchikel,Did Not Specify,Did Not Specify
Maya Bridge Language Services (LLC),Kara,Did Not Specify,Did Not Specify
Maya Bridge Language Services (LLC),Karen,In-Person Interpretation (Consecutive),Schedule in Advance
Maya Bridge Language Services (LLC),Karen,In-Person Interpretation (Simultaneous),Schedule in Advance
Maya Bridge Language Services (LLC),Karen,Over the Phone Interpretation,On Demand
Maya Bridge Language Services (LLC),Karen,Over the Phone Interpretation,Schedule in Advance
Maya Bridge Language Services (LLC),Karen,Video Remote Interpretation,Schedule in Advance
Maya Bridge Language Services (LLC),Karen,Video Remote Interpretation,On Demand
Maya Bridge Language Services (LLC),Karen (Pwo),Did Not Specify,Did Not Specify
Maya Bridge Language Services (LLC),Karenni (Kayah),Did Not Specify,Did Not Specify
Maya Bridge Language Services (LLC),Kazakh,Did Not Specify,Did Not Specify
Maya Bridge Language Services (LLC),Khmer,In-Person Interpretation (Consecutive),Schedule in Advance
Maya Bridge Language Services (LLC),Khmer,In-Person Interpretation (Simultaneous),Schedule in Advance
Maya Bridge Language Services (LLC),Khmer,Over the Phone Interpretation,On Demand
Maya Bridge Language Services (LLC),Khmer,Over the Phone Interpretation,Schedule in Advance
Maya Bridge Language Services (LLC),Khmer,Video Remote Interpretation,Schedule in Advance
Maya Bridge Language Services (LLC),Khmer,Video Remote Interpretation,On Demand
Maya Bridge Language Services (LLC),Khmer (Cambodian),Did Not Specify,Did Not Specify
Maya Bridge Language Services (LLC),Kibajuni,Did Not Specify,Did Not Specify
Maya Bridge Language Services (LLC),K'iche',Did Not Specify,Did Not Specify
Maya Bridge Language Services (LLC),Kikongo,Did Not Specify,Did Not Specify
Maya Bridge Language Services (LLC),Kikuyu,Did Not Specify,Did Not Specify
Maya Bridge Language Services (LLC),Kinkani,Did Not Specify,Did Not Specify
Maya Bridge Language Services (LLC),Kinyamulenge,Did Not Specify,Did Not Specify
Maya Bridge Language Services (LLC),Kinyarwanda,Did Not Specify,Did Not Specify
Maya Bridge Language Services (LLC),Kirundi,In-Person Interpretation (Consecutive),Schedule in Advance
Maya Bridge Language Services (LLC),Kirundi,In-Person Interpretation (Simultaneous),Schedule in Advance
Maya Bridge Language Services (LLC),Kirundi,Over the Phone Interpretation,On Demand
Maya Bridge Language Services (LLC),Kirundi,Over the Phone Interpretation,Schedule in Advance
Maya Bridge Language Services (LLC),Kirundi,Video Remote Interpretation,On Demand
Maya Bridge Language Services (LLC),Kirundi,Video Remote Interpretation,Schedule in Advance
Maya Bridge Language Services (LLC),Kiswahili,In-Person Interpretation (Consecutive),Schedule in Advance
Maya Bridge Language Services (LLC),Kiswahili,In-Person Interpretation (Simultaneous),Schedule in Advance
Maya Bridge Language Services (LLC),Kiswahili,Over the Phone Interpretation,Schedule in Advance
Maya Bridge Language Services (LLC),Kiswahili,Over the Phone Interpretation,On Demand
Maya Bridge Language Services (LLC),Kiswahili,Video Remote Interpretation,On Demand
Maya Bridge Language Services (LLC),Kiswahili,Video Remote Interpretation,Schedule in Advance
Maya Bridge Language Services (LLC),Kituba,Did Not Specify,Did Not Specify
Maya Bridge Language Services (LLC),Korean,In-Person Interpretation (Consecutive),Schedule in Advance
Maya Bridge Language Services (LLC),Korean,In-Person Interpretation (Simultaneous),Schedule in Advance
Maya Bridge Language Services (LLC),Korean,Over the Phone Interpretation,Schedule in Advance
Maya Bridge Language Services (LLC),Korean,Over the Phone Interpretation,On Demand
Maya Bridge Language Services (LLC),Korean,Video Remote Interpretation,On Demand
Maya Bridge Language Services (LLC),Korean,Video Remote Interpretation,Schedule in Advance
Maya Bridge Language Services (LLC),Kosraean,Did Not Specify,Did Not Specify
Maya Bridge Language Services (LLC),Kpelle,Did Not Specify,Did Not Specify
Maya Bridge Language Services (LLC),Kuna (Guna),Did Not Specify,Did Not Specify
Maya Bridge Language Services (LLC),Kunama,Did Not Specify,Did Not Specify
Maya Bridge Language Services (LLC),Kurdish (Badini),Did Not Specify,Did Not Specify
Maya Bridge Language Services (LLC),Kurdish (Kurman),Did Not Specify,Did Not Specify
Maya Bridge Language Services (LLC),Kurdish (Sorani),Did Not Specify,Did Not Specify
Maya Bridge Language Services (LLC),Kyrgyz,Did Not Specify,Did Not Specify
Maya Bridge Language Services (LLC),Lacandon,Did Not Specify,Did Not Specify
Maya Bridge Language Services (LLC),Lao,In-Person Interpretation (Consecutive),Schedule in Advance
Maya Bridge Language Services (LLC),Lao,In-Person Interpretation (Simultaneous),Schedule in Advance
Maya Bridge Language Services (LLC),Lao,Over the Phone Interpretation,On Demand
Maya Bridge Language Services (LLC),Lao,Over the Phone Interpretation,Schedule in Advance
Maya Bridge Language Services (LLC),Lao,Video Remote Interpretation,On Demand
Maya Bridge Language Services (LLC),Lao,Video Remote Interpretation,Schedule in Advance
Maya Bridge Language Services (LLC),Latvian,Did Not Specify,Did Not Specify
Maya Bridge Language Services (LLC),Latvian,In-Person Interpretation (Consecutive),Schedule in Advance
Maya Bridge Language Services (LLC),Latvian,In-Person Interpretation (Simultaneous),Schedule in Advance
Maya Bridge Language Services (LLC),Latvian,Over the Phone Interpretation,Schedule in Advance
Maya Bridge Language Services (LLC),Latvian,Over the Phone Interpretation,On Demand
Maya Bridge Language Services (LLC),Latvian,Video Remote Interpretation,On Demand
Maya Bridge Language Services (LLC),Latvian,Video Remote Interpretation,Schedule in Advance
Maya Bridge Language Services (LLC),Lingala,Did Not Specify,Did Not Specify
Maya Bridge Language Services (LLC),Lithuanian,In-Person Interpretation (Consecutive),Schedule in Advance
Maya Bridge Language Services (LLC),Lithuanian,In-Person Interpretation (Simultaneous),Schedule in Advance
Maya Bridge Language Services (LLC),Lithuanian,Over the Phone Interpretation,On Demand
Maya Bridge Language Services (LLC),Lithuanian,Over the Phone Interpretation,Schedule in Advance
Maya Bridge Language Services (LLC),Lithuanian,Video Remote Interpretation,On Demand
Maya Bridge Language Services (LLC),Lithuanian,Video Remote Interpretation,Schedule in Advance
Maya Bridge Language Services (LLC),Lower Sorbian,Did Not Specify,Did Not Specify
Maya Bridge Language Services (LLC),Luganda,Did Not Specify,Did Not Specify
Maya Bridge Language Services (LLC),Luxembourgish,Did Not Specify,Did Not Specify
Maya Bridge Language Services (LLC),Maay Maay,Did Not Specify,Did Not Specify
Maya Bridge Language Services (LLC),Macedonian,Did Not Specify,Did Not Specify
Maya Bridge Language Services (LLC),Malayalam,In-Person Interpretation (Consecutive),Schedule in Advance
Maya Bridge Language Services (LLC),Malayalam,In-Person Interpretation (Simultaneous),Schedule in Advance
Maya Bridge Language Services (LLC),Malayalam,Over the Phone Interpretation,On Demand
Maya Bridge Language Services (LLC),Malayalam,Over the Phone Interpretation,Schedule in Advance
Maya Bridge Language Services (LLC),Malayalam,Video Remote Interpretation,On Demand
Maya Bridge Language Services (LLC),Malayalam,Video Remote Interpretation,Schedule in Advance
Maya Bridge Language Services (LLC),Malaysian,Did Not Specify,Did Not Specify
Maya Bridge Language Services (LLC),Maldivian,Did Not Specify,Did Not Specify
Maya Bridge Language Services (LLC),Malinke,Did Not Specify,Did Not Specify
Maya Bridge Language Services (LLC),Maltese,Did Not Specify,Did Not Specify
Maya Bridge Language Services (LLC),Mam,In-Person Interpretation (Consecutive),Schedule in Advance
Maya Bridge Language Services (LLC),Mam,In-Person Interpretation (Simultaneous),Schedule in Advance
Maya Bridge Language Services (LLC),Mam,Over the Phone Interpretation,Schedule in Advance
Maya Bridge Language Services (LLC),Mam,Over the Phone Interpretation,On Demand
Maya Bridge Language Services (LLC),Mam,Video Remote Interpretation,On Demand
Maya Bridge Language Services (LLC),Mam,Video Remote Interpretation,Schedule in Advance
Maya Bridge Language Services (LLC),Mandarin (Chinese),In-Person Interpretation (Consecutive),Schedule in Advance
Maya Bridge Language Services (LLC),Mandarin (Chinese),In-Person Interpretation (Simultaneous),Schedule in Advance
Maya Bridge Language Services (LLC),Mandarin (Chinese),Over the Phone Interpretation,On Demand
Maya Bridge Language Services (LLC),Mandarin (Chinese),Over the Phone Interpretation,Schedule in Advance
Maya Bridge Language Services (LLC),Mandarin (Chinese),Video Remote Interpretation,Schedule in Advance
Maya Bridge Language Services (LLC),Mandarin (Chinese),Video Remote Interpretation,On Demand
Maya Bridge Language Services (LLC),Mandingo,Did Not Specify,Did Not Specify
Maya Bridge Language Services (LLC),Mandinka,In-Person Interpretation (Consecutive),Schedule in Advance
Maya Bridge Language Services (LLC),Mandinka,In-Person Interpretation (Simultaneous),Schedule in Advance
Maya Bridge Language Services (LLC),Mandinka,Over the Phone Interpretation,On Demand
Maya Bridge Language Services (LLC),Mandinka,Over the Phone Interpretation,Schedule in Advance
Maya Bridge Language Services (LLC),Mandinka,Video Remote Interpretation,On Demand
Maya Bridge Language Services (LLC),Mandinka,Video Remote Interpretation,Schedule in Advance
Maya Bridge Language Services (LLC),Maori,Did Not Specify,Did Not Specify
Maya Bridge Language Services (LLC),Mapudungun,Did Not Specify,Did Not Specify
Maya Bridge Language Services (LLC),Marathi (Indian),Did Not Specify,Did Not Specify
Maya Bridge Language Services (LLC),Marshallese,Did Not Specify,Did Not Specify
Maya Bridge Language Services (LLC),Mayan Indigenous Languages,In-Person Interpretation (Consecutive),Schedule in Advance
Maya Bridge Language Services (LLC),Mayan Indigenous Languages,In-Person Interpretation (Simultaneous),Schedule in Advance
Maya Bridge Language Services (LLC),Mayan Indigenous Languages,Over the Phone Interpretation,Schedule in Advance
Maya Bridge Language Services (LLC),Mayan Indigenous Languages,Over the Phone Interpretation,On Demand
Maya Bridge Language Services (LLC),Mayan Indigenous Languages,Video Remote Interpretation,Schedule in Advance
Maya Bridge Language Services (LLC),Mayan Indigenous Languages,Video Remote Interpretation,On Demand
Maya Bridge Language Services (LLC),Mayo (Yoreme),Did Not Specify,Did Not Specify
Maya Bridge Language Services (LLC),Mazahua,Did Not Specify,Did Not Specify
Maya Bridge Language Services (LLC),Mazateco,Did Not Specify,Did Not Specify
Maya Bridge Language Services (LLC),Mbay,Did Not Specify,Did Not Specify
Maya Bridge Language Services (LLC),Me’phaa (Tlapanec),Did Not Specify,Did Not Specify
Maya Bridge Language Services (LLC),Mende,Did Not Specify,Did Not Specify
Maya Bridge Language Services (LLC),Mien,Did Not Specify,Did Not Specify
Maya Bridge Language Services (LLC),Mina (Togolese),Did Not Specify,Did Not Specify
Maya Bridge Language Services (LLC),Mirpuri,Did Not Specify,Did Not Specify
Maya Bridge Language Services (LLC),Miskito,Did Not Specify,Did Not Specify
Maya Bridge Language Services (LLC),Mixteco (Alto),Did Not Specify,Did Not Specify
Maya Bridge Language Services (LLC),Mixteco (Bajo),Did Not Specify,Did Not Specify
Maya Bridge Language Services (LLC),Mohawk,Did Not Specify,Did Not Specify
Maya Bridge Language Services (LLC),Moldovan,Did Not Specify,Did Not Specify
Maya Bridge Language Services (LLC),Mongolian,Did Not Specify,Did Not Specify
Maya Bridge Language Services (LLC),Montenegrin,Did Not Specify,Did Not Specify
Maya Bridge Language Services (LLC),Mopán,Did Not Specify,Did Not Specify
Maya Bridge Language Services (LLC),Mushunguli,Did Not Specify,Did Not Specify
Maya Bridge Language Services (LLC),Nahuátl,In-Person Interpretation (Consecutive),Schedule in Advance
Maya Bridge Language Services (LLC),Nahuátl,In-Person Interpretation (Simultaneous),Schedule in Advance
Maya Bridge Language Services (LLC),Nahuátl,Over the Phone Interpretation,On Demand
Maya Bridge Language Services (LLC),Nahuátl,Over the Phone Interpretation,Schedule in Advance
Maya Bridge Language Services (LLC),Nahuátl,Video Remote Interpretation,Schedule in Advance
Maya Bridge Language Services (LLC),Nahuátl,Video Remote Interpretation,On Demand
Maya Bridge Language Services (LLC),Nahuátl,Did Not Specify,Did Not Specify
Maya Bridge Language Services (LLC),Ñañu (Otomí),Did Not Specify,Did Not Specify
Maya Bridge Language Services (LLC),Navajo,Did Not Specify,Did Not Specify
Maya Bridge Language Services (LLC),Neapolitan,Did Not Specify,Did Not Specify
Maya Bridge Language Services (LLC),Nepali,Did Not Specify,Did Not Specify
Maya Bridge Language Services (LLC),Nigerian (Pidgin English),Did Not Specify,Did Not Specify
Maya Bridge Language Services (LLC),Ningbo,Did Not Specify,Did Not Specify
Maya Bridge Language Services (LLC),Norwegian,Did Not Specify,Did Not Specify
Maya Bridge Language Services (LLC),Occitan,Did Not Specify,Did Not Specify
Maya Bridge Language Services (LLC),Oriya,Did Not Specify,Did Not Specify
Maya Bridge Language Services (LLC),Oromifa,Did Not Specify,Did Not Specify
Maya Bridge Language Services (LLC),Oromo,Did Not Specify,Did Not Specify
Maya Bridge Language Services (LLC),Pahari,Did Not Specify,Did Not Specify
Maya Bridge Language Services (LLC),Pangasinan,Did Not Specify,Did Not Specify
Maya Bridge Language Services (LLC),Papamiento,Did Not Specify,Did Not Specify
Maya Bridge Language Services (LLC),Pashto,Did Not Specify,Did Not Specify
Maya Bridge Language Services (LLC),Pidgin,Did Not Specify,Did Not Specify
Maya Bridge Language Services (LLC),Polish,Did Not Specify,Did Not Specify
Maya Bridge Language Services (LLC),Popoluca (Popo),Did Not Specify,Did Not Specify
Maya Bridge Language Services (LLC),Poptí,Did Not Specify,Did Not Specify
Maya Bridge Language Services (LLC),Popti’ (Jakaleteko),Did Not Specify,Did Not Specify
Maya Bridge Language Services (LLC),Poqomam,Did Not Specify,Did Not Specify
Maya Bridge Language Services (LLC),Poqomchi’,Did Not Specify,Did Not Specify
Maya Bridge Language Services (LLC),Portuguese,In-Person Interpretation (Consecutive),Schedule in Advance
Maya Bridge Language Services (LLC),Portuguese,In-Person Interpretation (Simultaneous),Schedule in Advance
Maya Bridge Language Services (LLC),Portuguese,Over the Phone Interpretation,On Demand
Maya Bridge Language Services (LLC),Portuguese,Over the Phone Interpretation,Schedule in Advance
Maya Bridge Language Services (LLC),Portuguese,Video Remote Interpretation,Schedule in Advance
Maya Bridge Language Services (LLC),Portuguese,Video Remote Interpretation,On Demand
Maya Bridge Language Services (LLC),Portuguese (Brazilian),Did Not Specify,Did Not Specify
Maya Bridge Language Services (LLC),Portuguese (Continental),Did Not Specify,Did Not Specify
Maya Bridge Language Services (LLC),Portuguese Creole,Did Not Specify,Did Not Specify
Maya Bridge Language Services (LLC),Pulaar,Did Not Specify,Did Not Specify
Maya Bridge Language Services (LLC),Punjabi,Did Not Specify,Did Not Specify
Maya Bridge Language Services (LLC),Purepecha,Did Not Specify,Did Not Specify
Maya Bridge Language Services (LLC),Q’anjob’al,Did Not Specify,Did Not Specify
Maya Bridge Language Services (LLC),Q’eqchi’ (Kekchi),Did Not Specify,Did Not Specify
Maya Bridge Language Services (LLC),Quechua,Did Not Specify,Did Not Specify
Maya Bridge Language Services (LLC),Quiché,Did Not Specify,Did Not Specify
Maya Bridge Language Services (LLC),Quichu,Did Not Specify,Did Not Specify
Maya Bridge Language Services (LLC),Rahkine,Did Not Specify,Did Not Specify
Maya Bridge Language Services (LLC),Rohingya,In-Person Interpretation (Consecutive),Schedule in Advance
Maya Bridge Language Services (LLC),Rohingya,In-Person Interpretation (Simultaneous),Schedule in Advance
Maya Bridge Language Services (LLC),Rohingya,Over the Phone Interpretation,On Demand
Maya Bridge Language Services (LLC),Rohingya,Over the Phone Interpretation,Schedule in Advance
Maya Bridge Language Services (LLC),Rohingya,Video Remote Interpretation,Schedule in Advance
Maya Bridge Language Services (LLC),Rohingya,Video Remote Interpretation,On Demand
Maya Bridge Language Services (LLC),Romanian,In-Person Interpretation (Consecutive),Schedule in Advance
Maya Bridge Language Services (LLC),Romanian,In-Person Interpretation (Simultaneous),Schedule in Advance
Maya Bridge Language Services (LLC),Romanian,Over the Phone Interpretation,Schedule in Advance
Maya Bridge Language Services (LLC),Romanian,Over the Phone Interpretation,On Demand
Maya Bridge Language Services (LLC),Romanian,Video Remote Interpretation,Schedule in Advance
Maya Bridge Language Services (LLC),Romanian,Video Remote Interpretation,On Demand
Maya Bridge Language Services (LLC),Rundi (Kirundi),Did Not Specify,Did Not Specify
Maya Bridge Language Services (LLC),Russian,In-Person Interpretation (Consecutive),Schedule in Advance
Maya Bridge Language Services (LLC),Russian,In-Person Interpretation (Simultaneous),Schedule in Advance
Maya Bridge Language Services (LLC),Russian,Over the Phone Interpretation,On Demand
Maya Bridge Language Services (LLC),Russian,Over the Phone Interpretation,Schedule in Advance
Maya Bridge Language Services (LLC),Russian,Video Remote Interpretation,Schedule in Advance
Maya Bridge Language Services (LLC),Russian,Video Remote Interpretation,On Demand
Maya Bridge Language Services (LLC),Sakapulteko,Did Not Specify,Did Not Specify
Maya Bridge Language Services (LLC),Sami (Inari),Did Not Specify,Did Not Specify
Maya Bridge Language Services (LLC),Sami (Lule),Did Not Specify,Did Not Specify
Maya Bridge Language Services (LLC),Sami (Northern),Did Not Specify,Did Not Specify
Maya Bridge Language Services (LLC),Sami (Skolt),Did Not Specify,Did Not Specify
Maya Bridge Language Services (LLC),Sami (Southern),Did Not Specify,Did Not Specify
Maya Bridge Language Services (LLC),Samoan,Did Not Specify,Did Not Specify
Maya Bridge Language Services (LLC),Sango,Did Not Specify,Did Not Specify
Maya Bridge Language Services (LLC),Sanskrit,Did Not Specify,Did Not Specify
Maya Bridge Language Services (LLC),Saraiki,Did Not Specify,Did Not Specify
Maya Bridge Language Services (LLC),Scottish Gaelic,Did Not Specify,Did Not Specify
Maya Bridge Language Services (LLC),Serbian,In-Person Interpretation (Consecutive),Schedule in Advance
Maya Bridge Language Services (LLC),Serbian,In-Person Interpretation (Simultaneous),Schedule in Advance
Maya Bridge Language Services (LLC),Serbian,Over the Phone Interpretation,Schedule in Advance
Maya Bridge Language Services (LLC),Serbian,Over the Phone Interpretation,On Demand
Maya Bridge Language Services (LLC),Serbian,Video Remote Interpretation,Schedule in Advance
Maya Bridge Language Services (LLC),Serbian,Video Remote Interpretation,On Demand
Maya Bridge Language Services (LLC),Sethang,Did Not Specify,Did Not Specify
Maya Bridge Language Services (LLC),Setswana,Did Not Specify,Did Not Specify
Maya Bridge Language Services (LLC),Shona,Did Not Specify,Did Not Specify
Maya Bridge Language Services (LLC),Shuar,Did Not Specify,Did Not Specify
Maya Bridge Language Services (LLC),Sichuan,Did Not Specify,Did Not Specify
Maya Bridge Language Services (LLC),Sichuanese,Did Not Specify,Did Not Specify
Maya Bridge Language Services (LLC),Sicilian,Did Not Specify,Did Not Specify
Maya Bridge Language Services (LLC),Sinhala,Did Not Specify,Did Not Specify
Maya Bridge Language Services (LLC),Sinhalese,Did Not Specify,Did Not Specify
Maya Bridge Language Services (LLC),Sipakapense,Did Not Specify,Did Not Specify
Maya Bridge Language Services (LLC),Slovak,In-Person Interpretation (Consecutive),Schedule in Advance
Maya Bridge Language Services (LLC),Slovak,In-Person Interpretation (Simultaneous),Schedule in Advance
Maya Bridge Language Services (LLC),Slovak,Over the Phone Interpretation,Schedule in Advance
Maya Bridge Language Services (LLC),Slovak,Over the Phone Interpretation,On Demand
Maya Bridge Language Services (LLC),Slovak,Video Remote Interpretation,Schedule in Advance
Maya Bridge Language Services (LLC),Slovak,Video Remote Interpretation,On Demand
Maya Bridge Language Services (LLC),Slovenian,Did Not Specify,Did Not Specify
Maya Bridge Language Services (LLC),Somali,In-Person Interpretation (Consecutive),Schedule in Advance
Maya Bridge Language Services (LLC),Somali,In-Person Interpretation (Simultaneous),Schedule in Advance
Maya Bridge Language Services (LLC),Somali,Over the Phone Interpretation,Schedule in Advance
Maya Bridge Language Services (LLC),Somali,Over the Phone Interpretation,On Demand
Maya Bridge Language Services (LLC),Somali,Video Remote Interpretation,On Demand
Maya Bridge Language Services (LLC),Somali,Video Remote Interpretation,Schedule in Advance
Maya Bridge Language Services (LLC),Soninke,In-Person Interpretation (Consecutive),Schedule in Advance
Maya Bridge Language Services (LLC),Soninke,In-Person Interpretation (Simultaneous),Schedule in Advance
Maya Bridge Language Services (LLC),Soninke,Over the Phone Interpretation,On Demand
Maya Bridge Language Services (LLC),Soninke,Over the Phone Interpretation,Schedule in Advance
Maya Bridge Language Services (LLC),Soninke,Video Remote Interpretation,Schedule in Advance
Maya Bridge Language Services (LLC),Soninke,Video Remote Interpretation,On Demand
Maya Bridge Language Services (LLC),Sorani,Did Not Specify,Did Not Specify
Maya Bridge Language Services (LLC),Sorbian (Upper),Did Not Specify,Did Not Specify
Maya Bridge Language Services (LLC),Sotho,Did Not Specify,Did Not Specify
Maya Bridge Language Services (LLC),Sri Lankan (Tamil),Did Not Specify,Did Not Specify
Maya Bridge Language Services (LLC),Su-Su,Did Not Specify,Did Not Specify
Maya Bridge Language Services (LLC),Swahili,In-Person Interpretation (Consecutive),Schedule in Advance
Maya Bridge Language Services (LLC),Swahili,In-Person Interpretation (Simultaneous),Schedule in Advance
Maya Bridge Language Services (LLC),Swahili,Over the Phone Interpretation,On Demand
Maya Bridge Language Services (LLC),Swahili,Over the Phone Interpretation,Schedule in Advance
Maya Bridge Language Services (LLC),Swahili,Video Remote Interpretation,Schedule in Advance
Maya Bridge Language Services (LLC),Swahili,Video Remote Interpretation,On Demand
Maya Bridge Language Services (LLC),Swedish,Did Not Specify,Did Not Specify
Maya Bridge Language Services (LLC),Sylheti,In-Person Interpretation (Consecutive),Schedule in Advance
Maya Bridge Language Services (LLC),Sylheti,In-Person Interpretation (Simultaneous),Schedule in Advance
Maya Bridge Language Services (LLC),Sylheti,Over the Phone Interpretation,On Demand
Maya Bridge Language Services (LLC),Sylheti,Over the Phone Interpretation,Schedule in Advance
Maya Bridge Language Services (LLC),Sylheti,Video Remote Interpretation,Schedule in Advance
Maya Bridge Language Services (LLC),Sylheti,Video Remote Interpretation,On Demand
Maya Bridge Language Services (LLC),Syriac,Did Not Specify,Did Not Specify
Maya Bridge Language Services (LLC),Tachew,Did Not Specify,Did Not Specify
Maya Bridge Language Services (LLC),Tahitian,Did Not Specify,Did Not Specify
Maya Bridge Language Services (LLC),Taiwanese,Did Not Specify,Did Not Specify
Maya Bridge Language Services (LLC),Tajik,Did Not Specify,Did Not Specify
Maya Bridge Language Services (LLC),Tamazight,Did Not Specify,Did Not Specify
Maya Bridge Language Services (LLC),Tamil,In-Person Interpretation (Consecutive),Schedule in Advance
Maya Bridge Language Services (LLC),Tamil,In-Person Interpretation (Simultaneous),Schedule in Advance
Maya Bridge Language Services (LLC),Tamil,Over the Phone Interpretation,Schedule in Advance
Maya Bridge Language Services (LLC),Tamil,Over the Phone Interpretation,On Demand
Maya Bridge Language Services (LLC),Tamil,Video Remote Interpretation,Schedule in Advance
Maya Bridge Language Services (LLC),Tamil,Video Remote Interpretation,On Demand
Maya Bridge Language Services (LLC),Tatar,Did Not Specify,Did Not Specify
Maya Bridge Language Services (LLC),Tektiteko,Did Not Specify,Did Not Specify
Maya Bridge Language Services (LLC),Telugu,Did Not Specify,Did Not Specify
Maya Bridge Language Services (LLC),Teochew,Did Not Specify,Did Not Specify
Maya Bridge Language Services (LLC),Thai,Did Not Specify,Did Not Specify
Maya Bridge Language Services (LLC),Tibetan,In-Person Interpretation (Consecutive),Schedule in Advance
Maya Bridge Language Services (LLC),Tibetan,In-Person Interpretation (Simultaneous),Schedule in Advance
Maya Bridge Language Services (LLC),Tibetan,Over the Phone Interpretation,Schedule in Advance
Maya Bridge Language Services (LLC),Tibetan,Over the Phone Interpretation,On Demand
Maya Bridge Language Services (LLC),Tibetan,Video Remote Interpretation,On Demand
Maya Bridge Language Services (LLC),Tibetan,Video Remote Interpretation,Schedule in Advance
Maya Bridge Language Services (LLC),Ticuna,Did Not Specify,Did Not Specify
Maya Bridge Language Services (LLC),Tigre,Did Not Specify,Did Not Specify
Maya Bridge Language Services (LLC),Tigrigna (Tigrinya),In-Person Interpretation (Consecutive),Schedule in Advance
Maya Bridge Language Services (LLC),Tigrigna (Tigrinya),In-Person Interpretation (Simultaneous),Schedule in Advance
Maya Bridge Language Services (LLC),Tigrigna (Tigrinya),Over the Phone Interpretation,On Demand
Maya Bridge Language Services (LLC),Tigrigna (Tigrinya),Over the Phone Interpretation,Schedule in Advance
Maya Bridge Language Services (LLC),Tigrigna (Tigrinya),Video Remote Interpretation,On Demand
Maya Bridge Language Services (LLC),Tigrigna (Tigrinya),Video Remote Interpretation,Schedule in Advance
Maya Bridge Language Services (LLC),Tojolab’al,Did Not Specify,Did Not Specify
Maya Bridge Language Services (LLC),Tongan,Did Not Specify,Did Not Specify
Maya Bridge Language Services (LLC),Tosk,Did Not Specify,Did Not Specify
Maya Bridge Language Services (LLC),Totonac,Did Not Specify,Did Not Specify
Maya Bridge Language Services (LLC),Trukese,Did Not Specify,Did Not Specify
Maya Bridge Language Services (LLC),Tseltal,Did Not Specify,Did Not Specify
Maya Bridge Language Services (LLC),Tshiluba,Did Not Specify,Did Not Specify
Maya Bridge Language Services (LLC),Turkish,In-Person Interpretation (Consecutive),Schedule in Advance
Maya Bridge Language Services (LLC),Turkish,In-Person Interpretation (Simultaneous),Schedule in Advance
Maya Bridge Language Services (LLC),Turkish,Over the Phone Interpretation,Schedule in Advance
Maya Bridge Language Services (LLC),Turkish,Over the Phone Interpretation,On Demand
Maya Bridge Language Services (LLC),Turkish,Video Remote Interpretation,Schedule in Advance
Maya Bridge Language Services (LLC),Turkish,Video Remote Interpretation,On Demand
Maya Bridge Language Services (LLC),Turkmen,Did Not Specify,Did Not Specify
Maya Bridge Language Services (LLC),Twi,In-Person Interpretation (Consecutive),Schedule in Advance
Maya Bridge Language Services (LLC),Twi,In-Person Interpretation (Simultaneous),Schedule in Advance
Maya Bridge Language Services (LLC),Twi,Over the Phone Interpretation,Schedule in Advance
Maya Bridge Language Services (LLC),Twi,Over the Phone Interpretation,On Demand
Maya Bridge Language Services (LLC),Twi,Video Remote Interpretation,Schedule in Advance
Maya Bridge Language Services (LLC),Twi,Video Remote Interpretation,On Demand
Maya Bridge Language Services (LLC),Tz’utujil,Did Not Specify,Did Not Specify
Maya Bridge Language Services (LLC),Tzeltal,Did Not Specify,Did Not Specify
Maya Bridge Language Services (LLC),Tzotzil,Did Not Specify,Did Not Specify
Maya Bridge Language Services (LLC),Ukrainian,Did Not Specify,Did Not Specify
Maya Bridge Language Services (LLC),Urdu,Did Not Specify,Did Not Specify
Maya Bridge Language Services (LLC),Uspanteko,Did Not Specify,Did Not Specify
Maya Bridge Language Services (LLC),Uyghur,Did Not Specify,Did Not Specify
Maya Bridge Language Services (LLC),Uzbek,In-Person Interpretation (Consecutive),Schedule in Advance
Maya Bridge Language Services (LLC),Uzbek,In-Person Interpretation (Simultaneous),Schedule in Advance
Maya Bridge Language Services (LLC),Uzbek,Over the Phone Interpretation,Schedule in Advance
Maya Bridge Language Services (LLC),Uzbek,Over the Phone Interpretation,On Demand
Maya Bridge Language Services (LLC),Uzbek,Video Remote Interpretation,On Demand
Maya Bridge Language Services (LLC),Uzbek,Video Remote Interpretation,Schedule in Advance
Maya Bridge Language Services (LLC),Vietnamese,In-Person Interpretation (Consecutive),Schedule in Advance
Maya Bridge Language Services (LLC),Vietnamese,In-Person Interpretation (Simultaneous),Schedule in Advance
Maya Bridge Language Services (LLC),Vietnamese,Over the Phone Interpretation,On Demand
Maya Bridge Language Services (LLC),Vietnamese,Over the Phone Interpretation,Schedule in Advance
Maya Bridge Language Services (LLC),Vietnamese,Video Remote Interpretation,Schedule in Advance
Maya Bridge Language Services (LLC),Vietnamese,Video Remote Interpretation,On Demand
Maya Bridge Language Services (LLC),Visayan (Filipino),Did Not Specify,Did Not Specify
Maya Bridge Language Services (LLC),Walloon,Did Not Specify,Did Not Specify
Maya Bridge Language Services (LLC),Welsh,Did Not Specify,Did Not Specify
Maya Bridge Language Services (LLC),Wolof,In-Person Interpretation (Consecutive),Schedule in Advance
Maya Bridge Language Services (LLC),Wolof,In-Person Interpretation (Simultaneous),Schedule in Advance
Maya Bridge Language Services (LLC),Wolof,Over the Phone Interpretation,Schedule in Advance
Maya Bridge Language Services (LLC),Wolof,Over the Phone Interpretation,On Demand
Maya Bridge Language Services (LLC),Wolof,Video Remote Interpretation,Schedule in Advance
Maya Bridge Language Services (LLC),Wolof,Video Remote Interpretation,On Demand
Maya Bridge Language Services (LLC),Xhosa,Did Not Specify,Did Not Specify
Maya Bridge Language Services (LLC),Xinca,Did Not Specify,Did Not Specify
Maya Bridge Language Services (LLC),Yakut,Did Not Specify,Did Not Specify
Maya Bridge Language Services (LLC),Yaqui,Did Not Specify,Did Not Specify
Maya Bridge Language Services (LLC),Yi,Did Not Specify,Did Not Specify
Maya Bridge Language Services (LLC),Yiddish,Did Not Specify,Did Not Specify
Maya Bridge Language Services (LLC),Yoruba,Did Not Specify,Did Not Specify
Maya Bridge Language Services (LLC),Yucatec Maya (Maya T’aan),Did Not Specify,Did Not Specify
Maya Bridge Language Services (LLC),Yupik Triqui (Trique),Did Not Specify,Did Not Specify
Maya Bridge Language Services (LLC),Zapotec,Did Not Specify,Did Not Specify
Maya Bridge Language Services (LLC),Zoque,Did Not Specify,Did Not Specify
Maya Bridge Language Services (LLC),Zulu (Isizulu),Did Not Specify,Did Not Specify
Powerling Inc,Afar,Over the Phone Interpretation,Schedule in Advance
Powerling Inc,Afar,Over the Phone Interpretation,On Demand
Powerling Inc,Afar,Video Remote Interpretation,Schedule in Advance
Powerling Inc,Afar,Video Remote Interpretation,On Demand
Powerling Inc,African Creole,Over the Phone Interpretation,Schedule in Advance
Powerling Inc,African Creole,Over the Phone Interpretation,On Demand
Powerling Inc,African Creole,Video Remote Interpretation,Schedule in Advance
Powerling Inc,Akan,Over the Phone Interpretation,Schedule in Advance
Powerling Inc,Akan,Over the Phone Interpretation,On Demand
Powerling Inc,Akan,Video Remote Interpretation,Schedule in Advance
Powerling Inc,Arabic (Egyptian),Over the Phone Interpretation,Schedule in Advance
Powerling Inc,Arabic (Egyptian),Over the Phone Interpretation,On Demand
Powerling Inc,Arabic (Egyptian),Video Remote Interpretation,Schedule in Advance
Powerling Inc,Arabic (Egyptian),Video Remote Interpretation,On Demand
Powerling Inc,"Awakatek (Aguacateco, Aguateco)",Over the Phone Interpretation,Schedule in Advance
Powerling Inc,"Awakatek (Aguacateco, Aguateco)",Over the Phone Interpretation,On Demand
Powerling Inc,"Awakatek (Aguacateco, Aguateco)",Video Remote Interpretation,Schedule in Advance
Powerling Inc,Bamanankan,Over the Phone Interpretation,On Demand
Powerling Inc,Bamanankan,Over the Phone Interpretation,Schedule in Advance
Powerling Inc,Bamanankan,Video Remote Interpretation,Schedule in Advance
Powerling Inc,Bosnian,Over the Phone Interpretation,On Demand
Powerling Inc,Bosnian,Over the Phone Interpretation,Schedule in Advance
Powerling Inc,Bosnian,Video Remote Interpretation,On Demand
Powerling Inc,Bosnian,Video Remote Interpretation,Schedule in Advance
Powerling Inc,British Sign Language,Video Remote Interpretation,Schedule in Advance
Powerling Inc,Cantonese (Chinese),Over the Phone Interpretation,Schedule in Advance
Powerling Inc,Cantonese (Chinese),Over the Phone Interpretation,On Demand
Powerling Inc,Cantonese (Chinese),Video Remote Interpretation,On Demand
Powerling Inc,Cantonese (Chinese),Video Remote Interpretation,Schedule in Advance
Powerling Inc,Chinese (Fujianese),Over the Phone Interpretation,On Demand
Powerling Inc,Chinese (Fujianese),Over the Phone Interpretation,Schedule in Advance
Powerling Inc,Chinese (Fujianese),Video Remote Interpretation,Schedule in Advance
Powerling Inc,Chinese (Fuzhou),Over the Phone Interpretation,On Demand
Powerling Inc,Chinese (Fuzhou),Over the Phone Interpretation,Schedule in Advance
Powerling Inc,Chinese (Fuzhou),Video Remote Interpretation,Schedule in Advance
Powerling Inc,Chinese (Fuzhounese),Over the Phone Interpretation,Schedule in Advance
Powerling Inc,Chinese (Fuzhounese),Video Remote Interpretation,Schedule in Advance
Powerling Inc,Chinese (Taishanese),Over the Phone Interpretation,Schedule in Advance
Powerling Inc,Chinese (Taishanese),Video Remote Interpretation,Schedule in Advance
Powerling Inc,Chinese (Wenzhounese),Over the Phone Interpretation,Schedule in Advance
Powerling Inc,Chinese (Wenzhounese),Video Remote Interpretation,Schedule in Advance
Powerling Inc,Chinese Sign Language,Video Remote Interpretation,Schedule in Advance
Powerling Inc,Chinn,Over the Phone Interpretation,Schedule in Advance
Powerling Inc,Chinn,Over the Phone Interpretation,On Demand
Powerling Inc,Chuj,Over the Phone Interpretation,Schedule in Advance
Powerling Inc,Chuj,Over the Phone Interpretation,On Demand
Powerling Inc,Chuj,Video Remote Interpretation,Schedule in Advance
Powerling Inc,Ewe,Over the Phone Interpretation,Schedule in Advance
Powerling Inc,Ewe,Over the Phone Interpretation,On Demand
Powerling Inc,Ewe,Video Remote Interpretation,Schedule in Advance
Powerling Inc,Farsi (Persian),Over the Phone Interpretation,On Demand
Powerling Inc,Farsi (Persian),Over the Phone Interpretation,Schedule in Advance
Powerling Inc,Farsi (Persian),Video Remote Interpretation,On Demand
Powerling Inc,Farsi (Persian),Video Remote Interpretation,Schedule in Advance
Powerling Inc,French Sign Language,Video Remote Interpretation,Schedule in Advance
Powerling Inc,Fulani (Fula),Over the Phone Interpretation,On Demand
Powerling Inc,Fulani (Fula),Over the Phone Interpretation,Schedule in Advance
Powerling Inc,Fulani (Fula),Video Remote Interpretation,Schedule in Advance
Powerling Inc,Guinea-Bissau Creole,Over the Phone Interpretation,On Demand
Powerling Inc,Guinea-Bissau Creole,Over the Phone Interpretation,Schedule in Advance
Powerling Inc,Guinea-Bissau Creole,Video Remote Interpretation,Schedule in Advance
Powerling Inc,Hungarian,Over the Phone Interpretation,On Demand
Powerling Inc,Hungarian,Over the Phone Interpretation,Schedule in Advance
Powerling Inc,Hungarian,Video Remote Interpretation,Schedule in Advance
Powerling Inc,Hungarian,Video Remote Interpretation,On Demand
Powerling Inc,Irish Sign Language,Video Remote Interpretation,Schedule in Advance
Powerling Inc,Ixil,Over the Phone Interpretation,Schedule in Advance
Powerling Inc,Ixil,Over the Phone Interpretation,On Demand
Powerling Inc,Ixil,Video Remote Interpretation,Schedule in Advance
Powerling Inc,Jamaican Patuá,Over the Phone Interpretation,Schedule in Advance
Powerling Inc,Jamaican Patuá,Video Remote Interpretation,Schedule in Advance
Powerling Inc,Japanese Sign Language,Video Remote Interpretation,Schedule in Advance
Powerling Inc,Jawanese,Over the Phone Interpretation,On Demand
Powerling Inc,Jawanese,Over the Phone Interpretation,Schedule in Advance
Powerling Inc,Jawanese,Video Remote Interpretation,Schedule in Advance
Powerling Inc,Kaqchikel,Over the Phone Interpretation,Schedule in Advance
Powerling Inc,Kaqchikel,Over the Phone Interpretation,On Demand
Powerling Inc,Kaqchikel,Video Remote Interpretation,Schedule in Advance
Powerling Inc,Karen,Over the Phone Interpretation,On Demand
Powerling Inc,Karen,Over the Phone Interpretation,Schedule in Advance
Powerling Inc,Karen,Video Remote Interpretation,Schedule in Advance
Powerling Inc,Karen,Video Remote Interpretation,On Demand
Powerling Inc,Kirundi,Over the Phone Interpretation,On Demand
Powerling Inc,Kirundi,Over the Phone Interpretation,Schedule in Advance
Powerling Inc,Kirundi,Video Remote Interpretation,Schedule in Advance
Powerling Inc,Kurdish,Over the Phone Interpretation,Schedule in Advance
Powerling Inc,Kurdish,Over the Phone Interpretation,On Demand
Powerling Inc,Kurdish,Video Remote Interpretation,Schedule in Advance
Powerling Inc,Lao,Over the Phone Interpretation,Schedule in Advance
Powerling Inc,Lao,Over the Phone Interpretation,On Demand
Powerling Inc,Lao,Video Remote Interpretation,Schedule in Advance
Powerling Inc,Latvian,Over the Phone Interpretation,On Demand
Powerling Inc,Latvian,Over the Phone Interpretation,Schedule in Advance
Powerling Inc,Latvian,Video Remote Interpretation,Schedule in Advance
Powerling Inc,Macanese Patuá,Over the Phone Interpretation,Schedule in Advance
Powerling Inc,Macanese Patuá,Video Remote Interpretation,Schedule in Advance
Powerling Inc,Malayalam,Over the Phone Interpretation,Schedule in Advance
Powerling Inc,Malayalam,Over the Phone Interpretation,On Demand
Powerling Inc,Malayalam,Video Remote Interpretation,Schedule in Advance
Powerling Inc,Mandinka,Over the Phone Interpretation,Schedule in Advance
Powerling Inc,Mandinka,Over the Phone Interpretation,On Demand
Powerling Inc,Mandinka,Video Remote Interpretation,Schedule in Advance
Powerling Inc,Maninka,Over the Phone Interpretation,Schedule in Advance
Powerling Inc,Maninka,Over the Phone Interpretation,On Demand
Powerling Inc,Maninka,Video Remote Interpretation,Schedule in Advance
Powerling Inc,Marathi,Over the Phone Interpretation,Schedule in Advance
Powerling Inc,Marathi,Over the Phone Interpretation,On Demand
Powerling Inc,Marathi,Video Remote Interpretation,Schedule in Advance
Powerling Inc,Mixteco,Over the Phone Interpretation,Schedule in Advance
Powerling Inc,Mixteco,Over the Phone Interpretation,On Demand
Powerling Inc,Mixteco,Video Remote Interpretation,Schedule in Advance
Powerling Inc,Navajo,Over the Phone Interpretation,Schedule in Advance
Powerling Inc,Navajo,Over the Phone Interpretation,On Demand
Powerling Inc,Navajo,Video Remote Interpretation,Schedule in Advance
Powerling Inc,Ponapean (Pohnpeian),Over the Phone Interpretation,On Demand
Powerling Inc,Ponapean (Pohnpeian),Over the Phone Interpretation,Schedule in Advance
Powerling Inc,Ponapean (Pohnpeian),Video Remote Interpretation,Schedule in Advance
Powerling Inc,Portuguese Creole,Over the Phone Interpretation,Schedule in Advance
Powerling Inc,Portuguese Creole,Over the Phone Interpretation,On Demand
Powerling Inc,Portuguese Creole,Video Remote Interpretation,Schedule in Advance
Powerling Inc,Pulaar,Over the Phone Interpretation,Schedule in Advance
Powerling Inc,Pulaar,Over the Phone Interpretation,On Demand
Powerling Inc,Pulaar,Video Remote Interpretation,Schedule in Advance
Powerling Inc,Q’anjob’al,Over the Phone Interpretation,Schedule in Advance
Powerling Inc,Q’anjob’al,Over the Phone Interpretation,On Demand
Powerling Inc,Q’anjob’al,Video Remote Interpretation,Schedule in Advance
Powerling Inc,Quichua,Over the Phone Interpretation,On Demand
Powerling Inc,Quichua,Over the Phone Interpretation,Schedule in Advance
Powerling Inc,Quichua,Video Remote Interpretation,Schedule in Advance
Powerling Inc,Rohingya,Over the Phone Interpretation,Schedule in Advance
Powerling Inc,Rohingya,Over the Phone Interpretation,On Demand
Powerling Inc,Rohingya,Video Remote Interpretation,On Demand
Powerling Inc,Rohingya,Video Remote Interpretation,Schedule in Advance
Powerling Inc,Romanian,Over the Phone Interpretation,On Demand
Powerling Inc,Romanian,Over the Phone Interpretation,Schedule in Advance
Powerling Inc,Romanian,Video Remote Interpretation,Schedule in Advance
Powerling Inc,Romanian,Video Remote Interpretation,On Demand
Powerling Inc,Serbian,Over the Phone Interpretation,Schedule in Advance
Powerling Inc,Serbian,Over the Phone Interpretation,On Demand
Powerling Inc,Serbian,Video Remote Interpretation,Schedule in Advance
Powerling Inc,Serbian,Video Remote Interpretation,On Demand
Powerling Inc,Slovak,Over the Phone Interpretation,On Demand
Powerling Inc,Slovak,Over the Phone Interpretation,Schedule in Advance
Powerling Inc,Slovak,Video Remote Interpretation,Schedule in Advance
Powerling Inc,Somali,Over the Phone Interpretation,Schedule in Advance
Powerling Inc,Somali,Over the Phone Interpretation,On Demand
Powerling Inc,Somali,Video Remote Interpretation,Schedule in Advance
Powerling Inc,Soninke,Over the Phone Interpretation,On Demand
Powerling Inc,Soninke,Over the Phone Interpretation,Schedule in Advance
Powerling Inc,Soninke,Video Remote Interpretation,Schedule in Advance
Powerling Inc,Swahili,Over the Phone Interpretation,On Demand
Powerling Inc,Swahili,Over the Phone Interpretation,Schedule in Advance
Powerling Inc,Swahili,Video Remote Interpretation,Schedule in Advance
Powerling Inc,Swahili,Video Remote Interpretation,On Demand
Powerling Inc,Sylheti,Over the Phone Interpretation,On Demand
Powerling Inc,Sylheti,Over the Phone Interpretation,Schedule in Advance
Powerling Inc,Sylheti,Video Remote Interpretation,Schedule in Advance
Powerling Inc,Syriac,Over the Phone Interpretation,On Demand
Powerling Inc,Syriac,Over the Phone Interpretation,Schedule in Advance
Powerling Inc,Syriac,Video Remote Interpretation,Schedule in Advance
Powerling Inc,Tajik,Over the Phone Interpretation,On Demand
Powerling Inc,Tajik,Over the Phone Interpretation,Schedule in Advance
Powerling Inc,Tajik,Video Remote Interpretation,Schedule in Advance
Powerling Inc,Tamil,Over the Phone Interpretation,On Demand
Powerling Inc,Tamil,Over the Phone Interpretation,Schedule in Advance
Powerling Inc,Tamil,Video Remote Interpretation,Schedule in Advance
Powerling Inc,Tibetan,Over the Phone Interpretation,Schedule in Advance
Powerling Inc,Tibetan,Over the Phone Interpretation,On Demand
Powerling Inc,Tibetan,Video Remote Interpretation,Schedule in Advance
Powerling Inc,Tigrigna (Tigrinya),Over the Phone Interpretation,Schedule in Advance
Powerling Inc,Tigrigna (Tigrinya),Over the Phone Interpretation,On Demand
Powerling Inc,Tigrigna (Tigrinya),Video Remote Interpretation,Schedule in Advance
Powerling Inc,Tigrigna (Tigrinya),Video Remote Interpretation,On Demand
Powerling Inc,Turkish,Over the Phone Interpretation,On Demand
Powerling Inc,Turkish,Over the Phone Interpretation,Schedule in Advance
Powerling Inc,Turkish,Video Remote Interpretation,On Demand
Powerling Inc,Turkish,Video Remote Interpretation,Schedule in Advance
Powerling Inc,Twi,Over the Phone Interpretation,Schedule in Advance
Powerling Inc,Twi,Over the Phone Interpretation,On Demand
Powerling Inc,Twi,Video Remote Interpretation,Schedule in Advance
Powerling Inc,Uzbek,Over the Phone Interpretation,Schedule in Advance
Powerling Inc,Uzbek,Over the Phone Interpretation,On Demand
Powerling Inc,Uzbek,Video Remote Interpretation,Schedule in Advance
Powerling Inc,Wolof,Over the Phone Interpretation,On Demand
Powerling Inc,Wolof,Over the Phone Interpretation,Schedule in Advance
Powerling Inc,Wolof,Video Remote Interpretation,Schedule in Advance
Powerling Inc,Yupik (Yup’ik),Over the Phone Interpretation,On Demand
Powerling Inc,Yupik (Yup’ik),Over the Phone Interpretation,Schedule in Advance
Powerling Inc,Yupik (Yup’ik),Video Remote Interpretation,Schedule in Advance
Propio LS (LLC),Afar,Over the Phone Interpretation,On Demand
Propio LS (LLC),Afar,Over the Phone Interpretation,Schedule in Advance
Propio LS (LLC),Afar,Video Remote Interpretation,On Demand
Propio LS (LLC),Afar,Video Remote Interpretation,Schedule in Advance
Propio LS (LLC),Akan,Over the Phone Interpretation,On Demand
Propio LS (LLC),Akan,Over the Phone Interpretation,Schedule in Advance
Propio LS (LLC),Akan,Video Remote Interpretation,On Demand
Propio LS (LLC),Akan,Video Remote Interpretation,Schedule in Advance
Propio LS (LLC),Arabic (Egyptian),Over the Phone Interpretation,On Demand
Propio LS (LLC),Arabic (Egyptian),Over the Phone Interpretation,Schedule in Advance
Propio LS (LLC),Australian Sign Language,Video Remote Interpretation,Schedule in Advance
Propio LS (LLC),Bosnian,Over the Phone Interpretation,On Demand
Propio LS (LLC),Bosnian,Over the Phone Interpretation,Schedule in Advance
Propio LS (LLC),Bosnian,Video Remote Interpretation,Schedule in Advance
Propio LS (LLC),Bosnian,Video Remote Interpretation,On Demand
Propio LS (LLC),British Sign Language,Video Remote Interpretation,Schedule in Advance
Propio LS (LLC),Cantonese (Chinese),Over the Phone Interpretation,On Demand
Propio LS (LLC),Cantonese (Chinese),Over the Phone Interpretation,Schedule in Advance
Propio LS (LLC),Cantonese (Chinese),Video Remote Interpretation,On Demand
Propio LS (LLC),Cantonese (Chinese),Video Remote Interpretation,Schedule in Advance
Propio LS (LLC),Chinese Sign Language,Video Remote Interpretation,Schedule in Advance
Propio LS (LLC),Ewe,Over the Phone Interpretation,On Demand
Propio LS (LLC),Ewe,Over the Phone Interpretation,Schedule in Advance
Propio LS (LLC),Farsi (Persian),Over the Phone Interpretation,Schedule in Advance
Propio LS (LLC),Farsi (Persian),Over the Phone Interpretation,On Demand
Propio LS (LLC),Farsi (Persian),Video Remote Interpretation,Schedule in Advance
Propio LS (LLC),Farsi (Persian),Video Remote Interpretation,On Demand
Propio LS (LLC),French Sign Language,Video Remote Interpretation,Schedule in Advance
Propio LS (LLC),Fulani (Fula),Over the Phone Interpretation,On Demand
Propio LS (LLC),Fulani (Fula),Over the Phone Interpretation,Schedule in Advance
Propio LS (LLC),Fulani (Fula),Video Remote Interpretation,Schedule in Advance
Propio LS (LLC),Fulani (Fula),Video Remote Interpretation,On Demand
Propio LS (LLC),German Sign Language,Video Remote Interpretation,Schedule in Advance
Propio LS (LLC),Guinea-Bissau Creole,Over the Phone Interpretation,On Demand
Propio LS (LLC),Guinea-Bissau Creole,Over the Phone Interpretation,Schedule in Advance
Propio LS (LLC),Hungarian,Over the Phone Interpretation,Schedule in Advance
Propio LS (LLC),Hungarian,Over the Phone Interpretation,On Demand
Propio LS (LLC),Hungarian,Video Remote Interpretation,On Demand
Propio LS (LLC),Hungarian,Video Remote Interpretation,Schedule in Advance
Propio LS (LLC),Jamaican Patuá,Over the Phone Interpretation,Schedule in Advance
Propio LS (LLC),Japanese Sign Language,Video Remote Interpretation,Schedule in Advance
Propio LS (LLC),Karen,Over the Phone Interpretation,Schedule in Advance
Propio LS (LLC),Karen,Over the Phone Interpretation,On Demand
Propio LS (LLC),Karen,Video Remote Interpretation,Schedule in Advance
Propio LS (LLC),Karen,Video Remote Interpretation,On Demand
Propio LS (LLC),Kirundi,Over the Phone Interpretation,Schedule in Advance
Propio LS (LLC),Kirundi,Over the Phone Interpretation,On Demand
Propio LS (LLC),Kirundi,Video Remote Interpretation,Schedule in Advance
Propio LS (LLC),Kirundi,Video Remote Interpretation,On Demand
Propio LS (LLC),Lao,Over the Phone Interpretation,Schedule in Advance
Propio LS (LLC),Lao,Over the Phone Interpretation,On Demand
Propio LS (LLC),Lao,Video Remote Interpretation,Schedule in Advance
Propio LS (LLC),Latvian,Over the Phone Interpretation,On Demand
Propio LS (LLC),Latvian,Over the Phone Interpretation,Schedule in Advance
Propio LS (LLC),Malayalam,Over the Phone Interpretation,Schedule in Advance
Propio LS (LLC),Malayalam,Over the Phone Interpretation,On Demand
Propio LS (LLC),Malayalam,Video Remote Interpretation,Schedule in Advance
Propio LS (LLC),Malayalam,Video Remote Interpretation,On Demand
Propio LS (LLC),Mandinka,Over the Phone Interpretation,On Demand
Propio LS (LLC),Mandinka,Over the Phone Interpretation,Schedule in Advance
Propio LS (LLC),Quebec Sign Language,Video Remote Interpretation,Schedule in Advance
Propio LS (LLC),Rohingya,Over the Phone Interpretation,Schedule in Advance
Propio LS (LLC),Rohingya,Over the Phone Interpretation,On Demand
Propio LS (LLC),Rohingya,Video Remote Interpretation,Schedule in Advance
Propio LS (LLC),Rohingya,Video Remote Interpretation,On Demand
Propio LS (LLC),Romanian,Over the Phone Interpretation,Schedule in Advance
Propio LS (LLC),Romanian,Over the Phone Interpretation,On Demand
Propio LS (LLC),Serbian,Over the Phone Interpretation,Schedule in Advance
Propio LS (LLC),Serbian,Over the Phone Interpretation,On Demand
Propio LS (LLC),Serbian,Video Remote Interpretation,Schedule in Advance
Propio LS (LLC),Serbian,Video Remote Interpretation,On Demand
Propio LS (LLC),Slovak,Over the Phone Interpretation,On Demand
Propio LS (LLC),Slovak,Over the Phone Interpretation,Schedule in Advance
Propio LS (LLC),Slovak,Video Remote Interpretation,On Demand
Propio LS (LLC),Slovak,Video Remote Interpretation,Schedule in Advance
Propio LS (LLC),Somali,Over the Phone Interpretation,On Demand
Propio LS (LLC),Somali,Over the Phone Interpretation,Schedule in Advance
Propio LS (LLC),Somali,Video Remote Interpretation,Schedule in Advance
Propio LS (LLC),Somali,Video Remote Interpretation,On Demand
Propio LS (LLC),Soninke,Over the Phone Interpretation,On Demand
Propio LS (LLC),Soninke,Over the Phone Interpretation,Schedule in Advance
Propio LS (LLC),South Korean Sign Language,Video Remote Interpretation,Schedule in Advance
Propio LS (LLC),Spanish Sign Language,Video Remote Interpretation,Schedule in Advance
Propio LS (LLC),Swahili,Over the Phone Interpretation,On Demand
Propio LS (LLC),Swahili,Over the Phone Interpretation,Schedule in Advance
Propio LS (LLC),Swahili,Video Remote Interpretation,Schedule in Advance
Propio LS (LLC),Swahili,Video Remote Interpretation,On Demand
Propio LS (LLC),Sylheti,Over the Phone Interpretation,Schedule in Advance
Propio LS (LLC),Tamil,Over the Phone Interpretation,On Demand
Propio LS (LLC),Tamil,Over the Phone Interpretation,Schedule in Advance
Propio LS (LLC),Tamil,Video Remote Interpretation,On Demand
Propio LS (LLC),Tamil,Video Remote Interpretation,Schedule in Advance
Propio LS (LLC),Tibetan,Over the Phone Interpretation,On Demand
Propio LS (LLC),Tibetan,Over the Phone Interpretation,Schedule in Advance
Propio LS (LLC),Tibetan,Video Remote Interpretation,Schedule in Advance
Propio LS (LLC),Tibetan,Video Remote Interpretation,On Demand
Propio LS (LLC),Tigrigna (Tigrinya),Over the Phone Interpretation,On Demand
Propio LS (LLC),Tigrigna (Tigrinya),Over the Phone Interpretation,Schedule in Advance
Propio LS (LLC),Tigrigna (Tigrinya),Video Remote Interpretation,Schedule in Advance
Propio LS (LLC),Tigrigna (Tigrinya),Video Remote Interpretation,On Demand
Propio LS (LLC),Turkish,Over the Phone Interpretation,Schedule in Advance
Propio LS (LLC),Turkish,Over the Phone Interpretation,On Demand
Propio LS (LLC),Turkish,Video Remote Interpretation,Schedule in Advance
Propio LS (LLC),Turkish,Video Remote Interpretation,On Demand
Propio LS (LLC),Twi,Over the Phone Interpretation,On Demand
Propio LS (LLC),Twi,Over the Phone Interpretation,Schedule in Advance
Propio LS (LLC),Twi,Video Remote Interpretation,On Demand
Propio LS (LLC),Twi,Video Remote Interpretation,Schedule in Advance
Propio LS (LLC),Uzbek,Over the Phone Interpretation,On Demand
Propio LS (LLC),Uzbek,Over the Phone Interpretation,Schedule in Advance
Propio LS (LLC),Uzbek,Video Remote Interpretation,On Demand
Propio LS (LLC),Uzbek,Video Remote Interpretation,Schedule in Advance
Propio LS (LLC),Wolof,Over the Phone Interpretation,Schedule in Advance
Propio LS (LLC),Wolof,Over the Phone Interpretation,On Demand
Propio LS (LLC),Wolof,Video Remote Interpretation,Schedule in Advance
Propio LS (LLC),Wolof,Video Remote Interpretation,On Demand
TransPerfect Translations International Inc,Afar,Over the Phone Interpretation,Schedule in Advance
TransPerfect Translations International Inc,Afar,Video Remote Interpretation,Schedule in Advance
TransPerfect Translations International Inc,Akan,In-Person Interpretation (Consecutive),Schedule in Advance
TransPerfect Translations International Inc,Akan,In-Person Interpretation (Simultaneous),Schedule in Advance
TransPerfect Translations International Inc,Akan,Over the Phone Interpretation,Schedule in Advance
TransPerfect Translations International Inc,Akan,Video Remote Interpretation,Schedule in Advance
TransPerfect Translations International Inc,Arabic (Egyptian),In-Person Interpretation (Consecutive),Schedule in Advance
TransPerfect Translations International Inc,Arabic (Egyptian),In-Person Interpretation (Simultaneous),Schedule in Advance
TransPerfect Translations International Inc,Arabic (Egyptian),Over the Phone Interpretation,Schedule in Advance
TransPerfect Translations International Inc,Arabic (Egyptian),Over the Phone Interpretation,On Demand
TransPerfect Translations International Inc,Arabic (Egyptian),Video Remote Interpretation,Schedule in Advance
TransPerfect Translations International Inc,Bamanankan,In-Person Interpretation (Consecutive),Schedule in Advance
TransPerfect Translations International Inc,Bamanankan,In-Person Interpretation (Simultaneous),Schedule in Advance
TransPerfect Translations International Inc,Bamanankan,Over the Phone Interpretation,Schedule in Advance
TransPerfect Translations International Inc,Bamanankan,Video Remote Interpretation,Schedule in Advance
TransPerfect Translations International Inc,Bosnian,In-Person Interpretation (Consecutive),Schedule in Advance
TransPerfect Translations International Inc,Bosnian,In-Person Interpretation (Simultaneous),Schedule in Advance
TransPerfect Translations International Inc,Bosnian,Over the Phone Interpretation,On Demand
TransPerfect Translations International Inc,Bosnian,Over the Phone Interpretation,Schedule in Advance
TransPerfect Translations International Inc,Bosnian,Video Remote Interpretation,Schedule in Advance
TransPerfect Translations International Inc,British Sign Language,Video Remote Interpretation,Schedule in Advance
TransPerfect Translations International Inc,Cantonese (Chinese),In-Person Interpretation (Consecutive),Schedule in Advance
TransPerfect Translations International Inc,Cantonese (Chinese),In-Person Interpretation (Simultaneous),Schedule in Advance
TransPerfect Translations International Inc,Cantonese (Chinese),Over the Phone Interpretation,On Demand
TransPerfect Translations International Inc,Cantonese (Chinese),Over the Phone Interpretation,On Demand
TransPerfect Translations International Inc,Cantonese (Chinese),Over the Phone Interpretation,Schedule in Advance
TransPerfect Translations International Inc,Cantonese (Chinese),Video Remote Interpretation,Schedule in Advance
TransPerfect Translations International Inc,Chinese (Fujianese),In-Person Interpretation (Consecutive),Schedule in Advance
TransPerfect Translations International Inc,Chinese (Fujianese),In-Person Interpretation (Simultaneous),Schedule in Advance
TransPerfect Translations International Inc,Chinese (Fujianese),Over the Phone Interpretation,Schedule in Advance
TransPerfect Translations International Inc,Chinese (Fujianese),Video Remote Interpretation,Schedule in Advance
TransPerfect Translations International Inc,Chinese (Fuzhounese),In-Person Interpretation (Consecutive),Schedule in Advance
TransPerfect Translations International Inc,Chinese (Fuzhounese),In-Person Interpretation (Simultaneous),Schedule in Advance
TransPerfect Translations International Inc,Chinese (Fuzhounese),Over the Phone Interpretation,Schedule in Advance
TransPerfect Translations International Inc,Chinese (Fuzhounese),Video Remote Interpretation,Schedule in Advance
TransPerfect Translations International Inc,Chinese (Taishanese),In-Person Interpretation (Consecutive),Schedule in Advance
TransPerfect Translations International Inc,Chinese (Taishanese),In-Person Interpretation (Simultaneous),Schedule in Advance
TransPerfect Translations International Inc,Chinese (Taishanese),Over the Phone Interpretation,Schedule in Advance
TransPerfect Translations International Inc,Chinese (Taishanese),Video Remote Interpretation,Schedule in Advance
TransPerfect Translations International Inc,Chinese (Wenzhounese),In-Person Interpretation (Consecutive),Schedule in Advance
TransPerfect Translations International Inc,Chinese (Wenzhounese),In-Person Interpretation (Simultaneous),Schedule in Advance
TransPerfect Translations International Inc,Chinese (Wenzhounese),Over the Phone Interpretation,Schedule in Advance
TransPerfect Translations International Inc,Chinese (Wenzhounese),Video Remote Interpretation,Schedule in Advance
TransPerfect Translations International Inc,Chinese Sign Language,Video Remote Interpretation,Schedule in Advance
TransPerfect Translations International Inc,Ewe,In-Person Interpretation (Consecutive),Schedule in Advance
TransPerfect Translations International Inc,Ewe,In-Person Interpretation (Simultaneous),Schedule in Advance
TransPerfect Translations International Inc,Ewe,Over the Phone Interpretation,Schedule in Advance
TransPerfect Translations International Inc,Ewe,Video Remote Interpretation,Schedule in Advance
TransPerfect Translations International Inc,Farsi (Persian),In-Person Interpretation (Consecutive),Schedule in Advance
TransPerfect Translations International Inc,Farsi (Persian),In-Person Interpretation (Simultaneous),Schedule in Advance
TransPerfect Translations International Inc,Farsi (Persian),Over the Phone Interpretation,On Demand
TransPerfect Translations International Inc,Farsi (Persian),Over the Phone Interpretation,Schedule in Advance
TransPerfect Translations International Inc,Farsi (Persian),Video Remote Interpretation,Schedule in Advance
TransPerfect Translations International Inc,French Sign Language,Video Remote Interpretation,Schedule in Advance
TransPerfect Translations International Inc,Fulani (Fula),In-Person Interpretation (Consecutive),Schedule in Advance
TransPerfect Translations International Inc,Fulani (Fula),In-Person Interpretation (Simultaneous),Schedule in Advance
TransPerfect Translations International Inc,Fulani (Fula),Over the Phone Interpretation,Schedule in Advance
TransPerfect Translations International Inc,Fulani (Fula),Video Remote Interpretation,Schedule in Advance
TransPerfect Translations International Inc,Guinea-Bissau Creole,In-Person Interpretation (Consecutive),Schedule in Advance
TransPerfect Translations International Inc,Guinea-Bissau Creole,In-Person Interpretation (Simultaneous),Schedule in Advance
TransPerfect Translations International Inc,Guinea-Bissau Creole,Over the Phone Interpretation,Schedule in Advance
TransPerfect Translations International Inc,Guinea-Bissau Creole,Video Remote Interpretation,Schedule in Advance
TransPerfect Translations International Inc,Hungarian,In-Person Interpretation (Consecutive),Schedule in Advance
TransPerfect Translations International Inc,Hungarian,In-Person Interpretation (Simultaneous),Schedule in Advance
TransPerfect Translations International Inc,Hungarian,Over the Phone Interpretation,On Demand
TransPerfect Translations International Inc,Hungarian,Over the Phone Interpretation,Schedule in Advance
TransPerfect Translations International Inc,Hungarian,Video Remote Interpretation,Schedule in Advance
TransPerfect Translations International Inc,Irish Sign Language,Video Remote Interpretation,Schedule in Advance
TransPerfect Translations International Inc,Jamaican Patuá,In-Person Interpretation (Consecutive),Schedule in Advance
TransPerfect Translations International Inc,Jamaican Patuá,In-Person Interpretation (Simultaneous),Schedule in Advance
TransPerfect Translations International Inc,Jamaican Patuá,Over the Phone Interpretation,Schedule in Advance
TransPerfect Translations International Inc,Jamaican Patuá,Video Remote Interpretation,Schedule in Advance
TransPerfect Translations International Inc,Japanese Sign Language,Video Remote Interpretation,Schedule in Advance
TransPerfect Translations International Inc,Karen,In-Person Interpretation (Consecutive),Schedule in Advance
TransPerfect Translations International Inc,Karen,In-Person Interpretation (Simultaneous),Schedule in Advance
TransPerfect Translations International Inc,Karen,Over the Phone Interpretation,Schedule in Advance
TransPerfect Translations International Inc,Kirundi,In-Person Interpretation (Consecutive),Schedule in Advance
TransPerfect Translations International Inc,Kirundi,In-Person Interpretation (Simultaneous),Schedule in Advance
TransPerfect Translations International Inc,Kirundi,Over the Phone Interpretation,Schedule in Advance
TransPerfect Translations International Inc,Kirundi,Video Remote Interpretation,Schedule in Advance
TransPerfect Translations International Inc,Lao,In-Person Interpretation (Consecutive),Schedule in Advance
TransPerfect Translations International Inc,Lao,In-Person Interpretation (Simultaneous),Schedule in Advance
TransPerfect Translations International Inc,Lao,Over the Phone Interpretation,On Demand
TransPerfect Translations International Inc,Lao,Over the Phone Interpretation,On Demand
TransPerfect Translations International Inc,Lao,Over the Phone Interpretation,Schedule in Advance
TransPerfect Translations International Inc,Lao,Video Remote Interpretation,Schedule in Advance
TransPerfect Translations International Inc,Latvian,In-Person Interpretation (Consecutive),Schedule in Advance
TransPerfect Translations International Inc,Latvian,In-Person Interpretation (Simultaneous),Schedule in Advance
TransPerfect Translations International Inc,Latvian,Over the Phone Interpretation,Schedule in Advance
TransPerfect Translations International Inc,Latvian,Over the Phone Interpretation,On Demand
TransPerfect Translations International Inc,Latvian,Video Remote Interpretation,Schedule in Advance
TransPerfect Translations International Inc,Macanese Patuá,In-Person Interpretation (Consecutive),Schedule in Advance
TransPerfect Translations International Inc,Macanese Patuá,In-Person Interpretation (Simultaneous),Schedule in Advance
TransPerfect Translations International Inc,Macanese Patuá,Over the Phone Interpretation,Schedule in Advance
TransPerfect Translations International Inc,Macanese Patuá,Video Remote Interpretation,Schedule in Advance
TransPerfect Translations International Inc,Malayalam,In-Person Interpretation (Consecutive),Schedule in Advance
TransPerfect Translations International Inc,Malayalam,In-Person Interpretation (Simultaneous),Schedule in Advance
TransPerfect Translations International Inc,Malayalam,Over the Phone Interpretation,Schedule in Advance
TransPerfect Translations International Inc,Malayalam,Video Remote Interpretation,Schedule in Advance
TransPerfect Translations International Inc,Mandinka,In-Person Interpretation (Consecutive),Schedule in Advance
TransPerfect Translations International Inc,Mandinka,In-Person Interpretation (Simultaneous),Schedule in Advance
TransPerfect Translations International Inc,Mandinka,Over the Phone Interpretation,Schedule in Advance
TransPerfect Translations International Inc,Mandinka,Video Remote Interpretation,Schedule in Advance
TransPerfect Translations International Inc,Maninka,In-Person Interpretation (Consecutive),Schedule in Advance
TransPerfect Translations International Inc,Maninka,In-Person Interpretation (Simultaneous),Schedule in Advance
TransPerfect Translations International Inc,Nahuátl,Over the Phone Interpretation,Schedule in Advance
TransPerfect Translations International Inc,Nahuátl,Video Remote Interpretation,Schedule in Advance
TransPerfect Translations International Inc,Rohingya,In-Person Interpretation (Consecutive),Schedule in Advance
TransPerfect Translations International Inc,Rohingya,In-Person Interpretation (Simultaneous),Schedule in Advance
TransPerfect Translations International Inc,Rohingya,Over the Phone Interpretation,Schedule in Advance
TransPerfect Translations International Inc,Rohingya,Video Remote Interpretation,Schedule in Advance
TransPerfect Translations International Inc,Romanian,In-Person Interpretation (Consecutive),Schedule in Advance
TransPerfect Translations International Inc,Romanian,In-Person Interpretation (Simultaneous),Schedule in Advance
TransPerfect Translations International Inc,Romanian,Over the Phone Interpretation,On Demand
TransPerfect Translations International Inc,Romanian,Over the Phone Interpretation,Schedule in Advance
TransPerfect Translations International Inc,Romanian,Video Remote Interpretation,Schedule in Advance
TransPerfect Translations International Inc,Serbian,In-Person Interpretation (Consecutive),Schedule in Advance
TransPerfect Translations International Inc,Serbian,In-Person Interpretation (Simultaneous),Schedule in Advance
TransPerfect Translations International Inc,Serbian,Over the Phone Interpretation,On Demand
TransPerfect Translations International Inc,Serbian,Over the Phone Interpretation,Schedule in Advance
TransPerfect Translations International Inc,Serbian,Video Remote Interpretation,Schedule in Advance
TransPerfect Translations International Inc,Slovak,In-Person Interpretation (Consecutive),Schedule in Advance
TransPerfect Translations International Inc,Slovak,In-Person Interpretation (Simultaneous),Schedule in Advance
TransPerfect Translations International Inc,Slovak,Over the Phone Interpretation,Schedule in Advance
TransPerfect Translations International Inc,Slovak,Video Remote Interpretation,Schedule in Advance
TransPerfect Translations International Inc,Somali,In-Person Interpretation (Consecutive),Schedule in Advance
TransPerfect Translations International Inc,Somali,In-Person Interpretation (Simultaneous),Schedule in Advance
TransPerfect Translations International Inc,Somali,Over the Phone Interpretation,Schedule in Advance
TransPerfect Translations International Inc,Somali,Over the Phone Interpretation,On Demand
TransPerfect Translations International Inc,Somali,Video Remote Interpretation,Schedule in Advance
TransPerfect Translations International Inc,Soninke,In-Person Interpretation (Consecutive),Schedule in Advance
TransPerfect Translations International Inc,Soninke,In-Person Interpretation (Simultaneous),Schedule in Advance
TransPerfect Translations International Inc,Soninke,Over the Phone Interpretation,Schedule in Advance
TransPerfect Translations International Inc,Soninke,Video Remote Interpretation,Schedule in Advance
TransPerfect Translations International Inc,Swahili,In-Person Interpretation (Consecutive),Schedule in Advance
TransPerfect Translations International Inc,Swahili,In-Person Interpretation (Simultaneous),Schedule in Advance
TransPerfect Translations International Inc,Swahili,Over the Phone Interpretation,Schedule in Advance
TransPerfect Translations International Inc,Swahili,Video Remote Interpretation,Schedule in Advance
TransPerfect Translations International Inc,Sylheti,In-Person Interpretation (Consecutive),Schedule in Advance
TransPerfect Translations International Inc,Sylheti,Over the Phone Interpretation,Schedule in Advance
TransPerfect Translations International Inc,Sylheti,Video Remote Interpretation,Schedule in Advance
TransPerfect Translations International Inc,Tamil,In-Person Interpretation (Consecutive),Schedule in Advance
TransPerfect Translations International Inc,Tamil,In-Person Interpretation (Simultaneous),Schedule in Advance
TransPerfect Translations International Inc,Tamil,Over the Phone Interpretation,Schedule in Advance
TransPerfect Translations International Inc,Tamil,Over the Phone Interpretation,On Demand
TransPerfect Translations International Inc,Tamil,Video Remote Interpretation,Schedule in Advance
TransPerfect Translations International Inc,Tibetan,In-Person Interpretation (Consecutive),Schedule in Advance
TransPerfect Translations International Inc,Tibetan,In-Person Interpretation (Simultaneous),Schedule in Advance
TransPerfect Translations International Inc,Tibetan,Over the Phone Interpretation,Schedule in Advance
TransPerfect Translations International Inc,Tibetan,Video Remote Interpretation,Schedule in Advance
TransPerfect Translations International Inc,Tigrigna (Tigrinya),In-Person Interpretation (Consecutive),Schedule in Advance
TransPerfect Translations International Inc,Tigrigna (Tigrinya),In-Person Interpretation (Simultaneous),Schedule in Advance
TransPerfect Translations International Inc,Tigrigna (Tigrinya),Over the Phone Interpretation,Schedule in Advance
TransPerfect Translations International Inc,Tigrigna (Tigrinya),Over the Phone Interpretation,On Demand
TransPerfect Translations International Inc,Tigrigna (Tigrinya),Video Remote Interpretation,Schedule in Advance
TransPerfect Translations International Inc,Turkish,In-Person Interpretation (Consecutive),Schedule in Advance
TransPerfect Translations International Inc,Turkish,In-Person Interpretation (Simultaneous),Schedule in Advance
TransPerfect Translations International Inc,Turkish,Over the Phone Interpretation,On Demand
TransPerfect Translations International Inc,Turkish,Over the Phone Interpretation,Schedule in Advance
TransPerfect Translations International Inc,Turkish,Video Remote Interpretation,Schedule in Advance
TransPerfect Translations International Inc,Twi,In-Person Interpretation (Consecutive),Schedule in Advance
TransPerfect Translations International Inc,Twi,In-Person Interpretation (Simultaneous),Schedule in Advance
TransPerfect Translations International Inc,Twi,Over the Phone Interpretation,Schedule in Advance
TransPerfect Translations International Inc,Uzbek,In-Person Interpretation (Consecutive),Schedule in Advance
TransPerfect Translations International Inc,Uzbek,In-Person Interpretation (Simultaneous),Schedule in Advance
TransPerfect Translations International Inc,Uzbek,Over the Phone Interpretation,Schedule in Advance
TransPerfect Translations International Inc,Uzbek,Over the Phone Interpretation,On Demand
TransPerfect Translations International Inc,Uzbek,Video Remote Interpretation,Schedule in Advance
TransPerfect Translations International Inc,Wolof,In-Person Interpretation (Consecutive),Schedule in Advance
TransPerfect Translations International Inc,Wolof,In-Person Interpretation (Simultaneous),Schedule in Advance
TransPerfect Translations International Inc,Wolof,Over the Phone Interpretation,Schedule in Advance
TransPerfect Translations International Inc,Wolof,Video Remote Interpretation,Schedule in Advance
Ubuntu Talks (LLC),Akan,Over the Phone Interpretation,On Demand
Ubuntu Talks (LLC),Akan,Video Remote Interpretation,Schedule in Advance
Ubuntu Talks (LLC),Ewe,Over the Phone Interpretation,On Demand
Ubuntu Talks (LLC),Ewe,Video Remote Interpretation,Schedule in Advance
Ubuntu Talks (LLC),Mandinka,Over the Phone Interpretation,On Demand
Ubuntu Talks (LLC),Mandinka,Video Remote Interpretation,Schedule in Advance
Ubuntu Talks (LLC),Somali,Over the Phone Interpretation,On Demand
Ubuntu Talks (LLC),Somali,Video Remote Interpretation,Schedule in Advance
Ubuntu Talks (LLC),Swahili,In-Person Interpretation (Consecutive),Schedule in Advance
Ubuntu Talks (LLC),Swahili,In-Person Interpretation (Simultaneous),Schedule in Advance
Ubuntu Talks (LLC),Swahili,Over the Phone Interpretation,On Demand
Ubuntu Talks (LLC),Swahili,Video Remote Interpretation,Schedule in Advance
Ubuntu Talks (LLC),Twi,Over the Phone Interpretation,On Demand
Ubuntu Talks (LLC),Twi,Video Remote Interpretation,Schedule in Advance
Ubuntu Talks (LLC),Wolof,Video Remote Interpretation,Schedule in Advance
Vancro Inc,British Sign Language,Video Remote Interpretation,Schedule in Advance
Vancro Inc,French Sign Language,Video Remote Interpretation,Schedule in Advance
Vancro Inc,Mexican Sign Language,Video Remote Interpretation,Schedule in Advance
Vancro Inc,Nepali Sign Language,Video Remote Interpretation,Schedule in Advance
Vancro Inc,Pakistani Sign Language,Video Remote Interpretation,Schedule in Advance
Words Warriors (LLC),Afar,Over the Phone Interpretation,On Demand
Words Warriors (LLC),Afar,Over the Phone Interpretation,Schedule in Advance
Words Warriors (LLC),Afar,Video Remote Interpretation,On Demand
Words Warriors (LLC),Afar,Video Remote Interpretation,Schedule in Advance
Words Warriors (LLC),Akan,Over the Phone Interpretation,Schedule in Advance
Words Warriors (LLC),Akan,Over the Phone Interpretation,On Demand
Words Warriors (LLC),Akan,Video Remote Interpretation,Schedule in Advance
Words Warriors (LLC),Akan,Video Remote Interpretation,On Demand
Words Warriors (LLC),Arabic (Egyptian),In-Person Interpretation (Consecutive),Schedule in Advance
Words Warriors (LLC),Arabic (Egyptian),In-Person Interpretation (Simultaneous),Schedule in Advance
Words Warriors (LLC),Arabic (Egyptian),Over the Phone Interpretation,Schedule in Advance
Words Warriors (LLC),Arabic (Egyptian),Over the Phone Interpretation,On Demand
Words Warriors (LLC),Arabic (Egyptian),Video Remote Interpretation,On Demand
Words Warriors (LLC),Arabic (Egyptian),Video Remote Interpretation,Schedule in Advance
Words Warriors (LLC),Belize Creole English,Over the Phone Interpretation,On Demand
Words Warriors (LLC),Belize Creole English,Over the Phone Interpretation,Schedule in Advance
Words Warriors (LLC),Bosnian,In-Person Interpretation (Consecutive),Schedule in Advance
Words Warriors (LLC),Bosnian,In-Person Interpretation (Simultaneous),Schedule in Advance
Words Warriors (LLC),Bosnian,Over the Phone Interpretation,Schedule in Advance
Words Warriors (LLC),Bosnian,Over the Phone Interpretation,On Demand
Words Warriors (LLC),Bosnian,Video Remote Interpretation,On Demand
Words Warriors (LLC),Bosnian,Video Remote Interpretation,Schedule in Advance
Words Warriors (LLC),British Sign Language,Over the Phone Interpretation,Schedule in Advance
Words Warriors (LLC),British Sign Language,Video Remote Interpretation,Schedule in Advance
Words Warriors (LLC),Cantonese (Chinese),In-Person Interpretation (Consecutive),Schedule in Advance
Words Warriors (LLC),Cantonese (Chinese),In-Person Interpretation (Simultaneous),Schedule in Advance
Words Warriors (LLC),Cantonese (Chinese),Over the Phone Interpretation,On Demand
Words Warriors (LLC),Cantonese (Chinese),Over the Phone Interpretation,Schedule in Advance
Words Warriors (LLC),Cantonese (Chinese),Video Remote Interpretation,Schedule in Advance
Words Warriors (LLC),Cantonese (Chinese),Video Remote Interpretation,On Demand
Words Warriors (LLC),Chinese (Fujianese),Over the Phone Interpretation,On Demand
Words Warriors (LLC),Chinese (Fujianese),Over the Phone Interpretation,Schedule in Advance
Words Warriors (LLC),Chinese (Fuzhounese),Over the Phone Interpretation,On Demand
Words Warriors (LLC),Chinese (Fuzhounese),Over the Phone Interpretation,Schedule in Advance
Words Warriors (LLC),Ewe,Over the Phone Interpretation,Schedule in Advance
Words Warriors (LLC),Farsi (Persian),In-Person Interpretation (Consecutive),Schedule in Advance
Words Warriors (LLC),Farsi (Persian),In-Person Interpretation (Simultaneous),Schedule in Advance
Words Warriors (LLC),Farsi (Persian),Over the Phone Interpretation,Schedule in Advance
Words Warriors (LLC),Farsi (Persian),Over the Phone Interpretation,On Demand
Words Warriors (LLC),Farsi (Persian),Video Remote Interpretation,On Demand
Words Warriors (LLC),Farsi (Persian),Video Remote Interpretation,Schedule in Advance
Words Warriors (LLC),French Sign Language,Over the Phone Interpretation,Schedule in Advance
Words Warriors (LLC),French Sign Language,Video Remote Interpretation,Schedule in Advance
Words Warriors (LLC),Guinea-Bissau Creole,Over the Phone Interpretation,On Demand
Words Warriors (LLC),Guinea-Bissau Creole,Over the Phone Interpretation,Schedule in Advance
Words Warriors (LLC),Hungarian,Over the Phone Interpretation,On Demand
Words Warriors (LLC),Hungarian,Over the Phone Interpretation,Schedule in Advance
Words Warriors (LLC),Jamaican Patuá,In-Person Interpretation (Consecutive),Schedule in Advance
Words Warriors (LLC),Jamaican Patuá,In-Person Interpretation (Simultaneous),Schedule in Advance
Words Warriors (LLC),Jamaican Patuá,Over the Phone Interpretation,On Demand
Words Warriors (LLC),Jamaican Patuá,Over the Phone Interpretation,Schedule in Advance
Words Warriors (LLC),Jamaican Patuá,Video Remote Interpretation,On Demand
Words Warriors (LLC),Jamaican Patuá,Video Remote Interpretation,Schedule in Advance
Words Warriors (LLC),Karen,Over the Phone Interpretation,Schedule in Advance
Words Warriors (LLC),Karen,Over the Phone Interpretation,On Demand
Words Warriors (LLC),Karen,Video Remote Interpretation,On Demand
Words Warriors (LLC),Karen,Video Remote Interpretation,Schedule in Advance
Words Warriors (LLC),Kirundi,Over the Phone Interpretation,On Demand
Words Warriors (LLC),Kirundi,Over the Phone Interpretation,Schedule in Advance
Words Warriors (LLC),Kirundi,Video Remote Interpretation,Schedule in Advance
Words Warriors (LLC),Kirundi,Video Remote Interpretation,On Demand
Words Warriors (LLC),Krio,Over the Phone Interpretation,Schedule in Advance
Words Warriors (LLC),Krio,Over the Phone Interpretation,On Demand
Words Warriors (LLC),Kurdish (Badini),In-Person Interpretation (Consecutive),Schedule in Advance
Words Warriors (LLC),Kurdish (Badini),In-Person Interpretation (Simultaneous),Schedule in Advance
Words Warriors (LLC),Kurdish (Badini),Over the Phone Interpretation,Schedule in Advance
Words Warriors (LLC),Kurdish (Badini),Over the Phone Interpretation,On Demand
Words Warriors (LLC),Kurdish (Badini),Video Remote Interpretation,Schedule in Advance
Words Warriors (LLC),Kurdish (Badini),Video Remote Interpretation,On Demand
Words Warriors (LLC),Kurdish (Kurmanci),In-Person Interpretation (Consecutive),Schedule in Advance
Words Warriors (LLC),Kurdish (Kurmanci),In-Person Interpretation (Simultaneous),Schedule in Advance
Words Warriors (LLC),Kurdish (Kurmanci),Over the Phone Interpretation,Schedule in Advance
Words Warriors (LLC),Kurdish (Kurmanci),Over the Phone Interpretation,On Demand
Words Warriors (LLC),Kurdish (Kurmanci),Video Remote Interpretation,On Demand
Words Warriors (LLC),Kurdish (Kurmanci),Video Remote Interpretation,Schedule in Advance
Words Warriors (LLC),Kurdish (Sorani),In-Person Interpretation (Consecutive),Schedule in Advance
Words Warriors (LLC),Kurdish (Sorani),In-Person Interpretation (Simultaneous),Schedule in Advance
Words Warriors (LLC),Kurdish (Sorani),Over the Phone Interpretation,On Demand
Words Warriors (LLC),Kurdish (Sorani),Over the Phone Interpretation,Schedule in Advance
Words Warriors (LLC),Kurdish (Sorani),Video Remote Interpretation,On Demand
Words Warriors (LLC),Kurdish (Sorani),Video Remote Interpretation,Schedule in Advance
Words Warriors (LLC),Lao,Over the Phone Interpretation,Schedule in Advance
Words Warriors (LLC),Lao,Over the Phone Interpretation,On Demand
Words Warriors (LLC),Latvian,Over the Phone Interpretation,Schedule in Advance
Words Warriors (LLC),Latvian,Over the Phone Interpretation,On Demand
Words Warriors (LLC),Malayalam,Over the Phone Interpretation,Schedule in Advance
Words Warriors (LLC),Malayalam,Over the Phone Interpretation,On Demand
Words Warriors (LLC),Mandinka,Over the Phone Interpretation,On Demand
Words Warriors (LLC),Mandinka,Over the Phone Interpretation,Schedule in Advance
Words Warriors (LLC),Pashto,Over the Phone Interpretation,On Demand
Words Warriors (LLC),Pashto,Over the Phone Interpretation,Schedule in Advance
Words Warriors (LLC),Pashto,Video Remote Interpretation,Schedule in Advance
Words Warriors (LLC),Pashto,Video Remote Interpretation,On Demand
Words Warriors (LLC),Rohingya,Over the Phone Interpretation,On Demand
Words Warriors (LLC),Rohingya,Over the Phone Interpretation,Schedule in Advance
Words Warriors (LLC),Romanian,Over the Phone Interpretation,On Demand
Words Warriors (LLC),Romanian,Over the Phone Interpretation,Schedule in Advance
Words Warriors (LLC),Serbian,In-Person Interpretation (Consecutive),Schedule in Advance
Words Warriors (LLC),Serbian,In-Person Interpretation (Simultaneous),Schedule in Advance
Words Warriors (LLC),Serbian,Over the Phone Interpretation,Schedule in Advance
Words Warriors (LLC),Serbian,Over the Phone Interpretation,On Demand
Words Warriors (LLC),Serbian,Video Remote Interpretation,Schedule in Advance
Words Warriors (LLC),Serbian,Video Remote Interpretation,On Demand
Words Warriors (LLC),Slovak,Over the Phone Interpretation,On Demand
Words Warriors (LLC),Slovak,Over the Phone Interpretation,Schedule in Advance
Words Warriors (LLC),Slovak,Video Remote Interpretation,Schedule in Advance
Words Warriors (LLC),Slovak,Video Remote Interpretation,On Demand
Words Warriors (LLC),Somali,In-Person Interpretation (Consecutive),Schedule in Advance
Words Warriors (LLC),Somali,In-Person Interpretation (Simultaneous),Schedule in Advance
Words Warriors (LLC),Somali,Over the Phone Interpretation,On Demand
Words Warriors (LLC),Somali,Over the Phone Interpretation,Schedule in Advance
Words Warriors (LLC),Somali,Video Remote Interpretation,On Demand
Words Warriors (LLC),Somali,Video Remote Interpretation,Schedule in Advance
Words Warriors (LLC),Soninke,Over the Phone Interpretation,On Demand
Words Warriors (LLC),Soninke,Over the Phone Interpretation,Schedule in Advance
Words Warriors (LLC),Swahili,In-Person Interpretation (Consecutive),Schedule in Advance
Words Warriors (LLC),Swahili,In-Person Interpretation (Simultaneous),Schedule in Advance
Words Warriors (LLC),Swahili,Over the Phone Interpretation,Schedule in Advance
Words Warriors (LLC),Swahili,Over the Phone Interpretation,On Demand
Words Warriors (LLC),Swahili,Video Remote Interpretation,On Demand
Words Warriors (LLC),Swahili,Video Remote Interpretation,Schedule in Advance
Words Warriors (LLC),Sylheti,Over the Phone Interpretation,Schedule in Advance
Words Warriors (LLC),Sylheti,Over the Phone Interpretation,On Demand
Words Warriors (LLC),Tajik,Over the Phone Interpretation,Schedule in Advance
Words Warriors (LLC),Tajik,Over the Phone Interpretation,On Demand
Words Warriors (LLC),Tajik,Video Remote Interpretation,Schedule in Advance
Words Warriors (LLC),Tajik,Video Remote Interpretation,On Demand
Words Warriors (LLC),Tamil,Over the Phone Interpretation,Schedule in Advance
Words Warriors (LLC),Tamil,Over the Phone Interpretation,On Demand
Words Warriors (LLC),Tibetan,Over the Phone Interpretation,On Demand
Words Warriors (LLC),Tigrigna (Tigrinya),In-Person Interpretation (Consecutive),Schedule in Advance
Words Warriors (LLC),Tigrigna (Tigrinya),In-Person Interpretation (Simultaneous),Schedule in Advance
Words Warriors (LLC),Tigrigna (Tigrinya),Over the Phone Interpretation,Schedule in Advance
Words Warriors (LLC),Tigrigna (Tigrinya),Over the Phone Interpretation,On Demand
Words Warriors (LLC),Tigrigna (Tigrinya),Video Remote Interpretation,On Demand
Words Warriors (LLC),Tigrigna (Tigrinya),Video Remote Interpretation,Schedule in Advance
Words Warriors (LLC),Turkish,In-Person Interpretation (Consecutive),Schedule in Advance
Words Warriors (LLC),Turkish,In-Person Interpretation (Simultaneous),Schedule in Advance
Words Warriors (LLC),Turkish,Over the Phone Interpretation,On Demand
Words Warriors (LLC),Turkish,Over the Phone Interpretation,Schedule in Advance
Words Warriors (LLC),Turkish,Video Remote Interpretation,On Demand
Words Warriors (LLC),Turkish,Video Remote Interpretation,Schedule in Advance
Words Warriors (LLC),Twi,Over the Phone Interpretation,On Demand
Words Warriors (LLC),Uzbek,Over the Phone Interpretation,On Demand
Words Warriors (LLC),Uzbek,Over the Phone Interpretation,Schedule in Advance
Words Warriors (LLC),Uzbek,Video Remote Interpretation,Schedule in Advance
Words Warriors (LLC),Uzbek,Video Remote Interpretation,On Demand
Words Warriors (LLC),Wolof,Over the Phone Interpretation,On Demand
